4960,0.0013551
4965,0.0041085
4970,0.015168
4975,0.044094
4980,0.091975
4985,0.16306
4990,0.25513
4995,0.36066
5000,0.47276
5005,0.58271
5010,0.67936
5015,0.76383
5020,0.87626
5025,0.98286
5030,1.062
5035,1.1074
5040,1.1202
5045,1.1499
5050,1.1494
5055,1.1587
5060,1.175
5065,1.1653
5070,1.1434
5075,1.1267
5080,1.114
5085,1.1216
5090,1.1521
5095,1.1454
5100,1.147
5105,1.1495
5110,1.1642
5115,1.1773
5120,1.1579
5125,1.1398
5130,1.1276
5135,1.1199
5140,1.1311
5145,1.1203
5150,1.129
5155,1.1323
5160,1.1128
5165,1.0451
5170,1.0195
5175,1.0811
5180,1.0852
5185,1.0526
5190,1.0592
5195,1.0583
5200,1.0664
5205,1.0434
5210,1.0462
5215,1.0591
5220,1.0696
5225,1.0211
5230,1.017
5235,1.0335
5240,1.0572
5245,1.0733
5250,1.0622
5255,1.0615
5260,1.0497
5265,1.022
5270,1.0093
5275,1.0074
5280,1.0224
5285,1.042
5290,1.0824
5295,1.0842
5300,1.0773
5305,1.0891
5310,1.0791
5315,1.0432
5320,1.0383
5325,1.0064
5330,0.99528
5335,1.0221
5340,1.029
5345,1.0383
5350,1.0351
5355,1.0292
5360,1.0049
5365,0.96904
5370,0.96993
5375,0.99782
5380,0.9798
5385,0.9601
5390,0.95792
5395,0.94164
5400,0.94096
5405,0.94134
5410,0.95197
5415,0.96311
5420,0.96555
5425,0.94207
5430,0.94354
5435,0.96257
5440,0.99207
5445,0.98691
5450,0.98989
5455,0.9832
5460,0.99805
5465,1.006
5470,1.0129
5475,1.0024
5480,1.0001
5485,1.0124
5490,1.0092
5495,1.0138
5500,1.0071
5505,0.99063
5510,0.98568
5515,0.99369
5520,0.98328
5525,0.94469
5530,0.93446
5535,0.93228
5540,0.93835
5545,0.93091
5550,0.92375
5555,0.92172
5560,0.92995
5565,0.91575
5570,0.89573
5575,0.89218
5580,0.90123
5585,0.89004
5590,0.88402
5595,0.87615
5600,0.8876
5605,0.8931
5610,0.88836
5615,0.85975
5620,0.86953
5625,0.88526
5630,0.88692
5635,0.8828
5640,0.90041
5645,0.91561
5650,0.90228
5655,0.88699
5660,0.8771
5665,0.88044
5670,0.89413
5675,0.89322
5680,0.87481
5685,0.86801
5690,0.87452
5695,0.88467
5700,0.87518
5705,0.85505
5710,0.85175
5715,0.87377
5720,0.87953
5725,0.87323
5730,0.87735
5735,0.87049
5740,0.86106
5745,0.85985
5750,0.82953
5755,0.80999
5760,0.83027
5765,0.83387
5770,0.83179
5775,0.82096
5780,0.80014
5785,0.80073
5790,0.8028
5795,0.80497
5800,0.81223
5805,0.81149
5810,0.81701
5815,0.80701
5820,0.79017
5825,0.78556
5830,0.78103
5835,0.78792
5840,0.7985
5845,0.79399
5850,0.79495
5855,0.80327
5860,0.80233
5865,0.80996
5870,0.81375
5875,0.81233
5880,0.81212
5885,0.77213
5890,0.72606
5895,0.72068
5900,0.74629
5905,0.77506
5910,0.77135
5915,0.77824
5920,0.7677
5925,0.76509
5930,0.7509
5935,0.74622
5940,0.7452
5945,0.7483
5950,0.74826
5955,0.74753
5960,0.74125
5965,0.73993
5970,0.7408
5975,0.74081
5980,0.7397
5985,0.74068
5990,0.74158
5995,0.73753
6000,0.731
6005,0.72831
6010,0.73806
6015,0.73732
6020,0.73714
6025,0.72944
6030,0.72883
6035,0.72414
6040,0.71805
6045,0.72098
6050,0.72017
6055,0.70941
6060,0.7122
6065,0.71451
6070,0.71232
6075,0.70495
6080,0.70513
6085,0.69781
6090,0.69658
6095,0.6898
6100,0.68651
6105,0.68135
6110,0.6834
6115,0.67831
6120,0.68231
6125,0.67662
6130,0.67515
6135,0.67369
6140,0.66386
6145,0.66523
6150,0.665
6155,0.67018
6160,0.66921
6165,0.6703
6170,0.66999
6175,0.67209
6180,0.67075
6185,0.67522
6190,0.67933
6195,0.67853
6200,0.67946
6205,0.68015
6210,0.67801
6215,0.6774
6220,0.67489
6225,0.67397
6230,0.6681
6235,0.66269
6240,0.66052
6245,0.65091
6250,0.65289
6255,0.65488
6260,0.6574
6265,0.6586
6270,0.64991
6275,0.63669
6280,0.61941
6285,0.62814
6290,0.63208
6295,0.63015
6300,0.62049
6305,0.61708
6310,0.61586
6315,0.60962
6320,0.60306
6325,0.5977
6330,0.59139
6335,0.5899
6340,0.58582
6345,0.56836
6350,0.56751
6355,0.57344
6360,0.57176
6365,0.57504
6370,0.5628
6375,0.56515
6380,0.57418
6385,0.5809
6390,0.59099
6395,0.59529
6400,0.60097
6405,0.60897
6410,0.60879
6415,0.60722
6420,0.60887
6425,0.61435
6430,0.61054
6435,0.60748
6440,0.60774
6445,0.60398
6450,0.59956
6455,0.59114
6460,0.59189
6465,0.59374
6470,0.5915
6475,0.58797
6480,0.58226
6485,0.57305
6490,0.56452
6495,0.55801
6500,0.56216
6505,0.56632
6510,0.56517
6515,0.55585
6520,0.55761
6525,0.55366
6530,0.54234
6535,0.52872
6540,0.51784
6545,0.49587
6550,0.46596
6555,0.42539
6560,0.35674
6565,0.32805
6570,0.40144
6575,0.45438
6580,0.47789
6585,0.49104
6590,0.50034
6595,0.50732
6600,0.51439
6605,0.51998
6610,0.52259
6615,0.52599
6620,0.53008
6625,0.53062
6630,0.52843
6635,0.52969
6640,0.52837
6645,0.5315
6650,0.53779
6655,0.53553
6660,0.53639
6665,0.53886
6670,0.53717
6675,0.5338
6680,0.53433
6685,0.53725
6690,0.53642
6695,0.53585
6700,0.53527
6705,0.52826
6710,0.52518
6715,0.52789
6720,0.52636
6725,0.52516
6730,0.51986
6735,0.51577
6740,0.51008
6745,0.50491
6750,0.50211
6755,0.4982
6760,0.49999
6765,0.49978
6770,0.49878
6775,0.48751
6780,0.48078
6785,0.47705
6790,0.47647
6795,0.47381
6800,0.47113
6805,0.46551
6810,0.46301
6815,0.46276
6820,0.46013
6825,0.46018
6830,0.46055
6835,0.46216
6840,0.46236
6845,0.46305
6850,0.46375
6855,0.46446
6860,0.46625
6865,0.46799
6870,0.46974
6875,0.47256
6880,0.47588
6885,0.47918
6890,0.48301
6895,0.48684
6900,0.49065
6905,0.49339
6910,0.49559
6915,0.49886
6920,0.50108
6925,0.50015
6930,0.49301
6935,0.47908
6940,0.47457
6945,0.47847
6950,0.47758
6955,0.45907
6960,0.42824
6965,0.41658
6970,0.41124
6975,0.40143
6980,0.38398
6985,0.37036
6990,0.35758
6995,0.34957
7000,0.3408
7005,0.32971
7010,0.32665
7015,0.32244
7020,0.32132
7025,0.3241
7030,0.32692
7035,0.33029
7040,0.33248
7045,0.33786
7050,0.34745
7055,0.35378
7060,0.36345
7065,0.37024
7070,0.37323
7075,0.37473
7080,0.35554
7085,0.30721
7090,0.24804
7095,0.21295
7100,0.19369
7105,0.16628
7110,0.13124
7115,0.099104
7120,0.078201
7125,0.071451
7130,0.056258
7135,0.034989
7140,0.019278
7145,0.013974
7150,0.013047
7155,0.011601
7160,0.010159
7165,0.0081012
7170,0.0061283
7175,0.0046278
7180,0.0036427
7185,0.0026532
7190,0.0022153
7195,0.0022407
7200,0.0018005
7205,0.001358
