4960,0.001387
4965,0.0041805
4970,0.015327
4975,0.044599
4980,0.094803
4985,0.16707
4990,0.26018
4995,0.365
5000,0.47592
5005,0.59652
5010,0.71407
5015,0.81562
5020,0.9169
5025,1.0188
5030,1.088
5035,1.1339
5040,1.1554
5045,1.1673
5050,1.1647
5055,1.1646
5060,1.1738
5065,1.1693
5070,1.1727
5075,1.1685
5080,1.1673
5085,1.1796
5090,1.1861
5095,1.1798
5100,1.1759
5105,1.1828
5110,1.1868
5115,1.1969
5120,1.1919
5125,1.18
5130,1.1789
5135,1.1745
5140,1.167
5145,1.1631
5150,1.1549
5155,1.1443
5160,1.1355
5165,1.1053
5170,1.0872
5175,1.1024
5180,1.0997
5185,1.086
5190,1.0868
5195,1.0833
5200,1.0687
5205,1.0552
5210,1.0576
5215,1.0637
5220,1.0682
5225,1.0577
5230,1.0539
5235,1.056
5240,1.058
5245,1.0627
5250,1.0634
5255,1.0706
5260,1.063
5265,1.0415
5270,1.032
5275,1.0356
5280,1.0459
5285,1.064
5290,1.0825
5295,1.091
5300,1.0879
5305,1.0795
5310,1.0673
5315,1.0595
5320,1.06
5325,1.049
5330,1.0387
5335,1.0344
5340,1.032
5345,1.031
5350,1.0351
5355,1.032
5360,1.0137
5365,0.99386
5370,0.98392
5375,0.98577
5380,0.98698
5385,0.98716
5390,0.98568
5395,0.97326
5400,0.96007
5405,0.95223
5410,0.95286
5415,0.95685
5420,0.95684
5425,0.95395
5430,0.95384
5435,0.96459
5440,0.97582
5445,0.98881
5450,0.99971
5455,1.0078
5460,1.0135
5465,1.015
5470,1.0128
5475,1.0092
5480,1.0103
5485,1.0118
5490,1.0028
5495,0.99749
5500,0.9923
5505,0.98102
5510,0.96976
5515,0.96993
5520,0.9659
5525,0.95414
5530,0.94474
5535,0.94068
5540,0.93282
5545,0.92804
5550,0.9322
5555,0.93179
5560,0.9276
5565,0.91904
5570,0.91411
5575,0.91152
5580,0.9082
5585,0.8977
5590,0.88914
5595,0.87825
5600,0.87475
5605,0.87412
5610,0.87294
5615,0.86618
5620,0.8691
5625,0.87558
5630,0.88103
5635,0.88676
5640,0.89185
5645,0.89246
5650,0.89105
5655,0.88659
5660,0.88013
5665,0.88419
5670,0.89113
5675,0.89384
5680,0.88818
5685,0.88204
5690,0.88399
5695,0.8812
5700,0.87775
5705,0.87647
5710,0.87961
5715,0.88253
5720,0.87848
5725,0.87349
5730,0.86783
5735,0.86232
5740,0.85483
5745,0.84731
5750,0.84035
5755,0.83708
5760,0.84089
5765,0.83577
5770,0.82607
5775,0.81705
5780,0.80745
5785,0.80747
5790,0.80712
5795,0.80016
5800,0.79924
5805,0.80243
5810,0.80071
5815,0.7993
5820,0.8035
5825,0.80763
5830,0.81151
5835,0.80902
5840,0.80405
5845,0.80076
5850,0.8016
5855,0.79832
5860,0.80196
5865,0.79962
5870,0.79351
5875,0.78636
5880,0.77753
5885,0.76046
5890,0.74622
5895,0.74651
5900,0.76151
5905,0.76347
5910,0.75889
5915,0.75803
5920,0.7564
5925,0.75223
5930,0.75003
5935,0.74984
5940,0.74502
5945,0.73937
5950,0.73802
5955,0.73847
5960,0.73781
5965,0.7406
5970,0.73947
5975,0.73726
5980,0.73723
5985,0.73729
5990,0.73381
5995,0.73663
6000,0.73739
6005,0.73413
6010,0.73245
6015,0.73015
6020,0.72687
6025,0.72564
6030,0.724
6035,0.72246
6040,0.71857
6045,0.71957
6050,0.71652
6055,0.71267
6060,0.71123
6065,0.70827
6070,0.70695
6075,0.70171
6080,0.69461
6085,0.69088
6090,0.69023
6095,0.68816
6100,0.68497
6105,0.67982
6110,0.67801
6115,0.6775
6120,0.67461
6125,0.67267
6130,0.67358
6135,0.67137
6140,0.66705
6145,0.66202
6150,0.65881
6155,0.65552
6160,0.6553
6165,0.66214
6170,0.66362
6175,0.66911
6180,0.66945
6185,0.66856
6190,0.67208
6195,0.67897
6200,0.67775
6205,0.6732
6210,0.67119
6215,0.66913
6220,0.66532
6225,0.66052
6230,0.65686
6235,0.65458
6240,0.6521
6245,0.65
6250,0.64857
6255,0.649
6260,0.64683
6265,0.63979
6270,0.63147
6275,0.62038
6280,0.60871
6285,0.61552
6290,0.61858
6295,0.61578
6300,0.60909
6305,0.60301
6310,0.59844
6315,0.59199
6320,0.58979
6325,0.58887
6330,0.58271
6335,0.57807
6340,0.57291
6345,0.56447
6350,0.56098
6355,0.56357
6360,0.564
6365,0.56283
6370,0.56028
6375,0.56421
6380,0.56865
6385,0.57153
6390,0.57701
6395,0.58613
6400,0.59505
6405,0.59858
6410,0.59887
6415,0.59993
6420,0.59918
6425,0.60234
6430,0.60158
6435,0.60305
6440,0.60561
6445,0.60213
6450,0.60017
6455,0.59741
6460,0.59801
6465,0.59953
6470,0.59803
6475,0.59257
6480,0.58905
6485,0.58792
6490,0.58183
6495,0.57582
6500,0.57774
6505,0.57764
6510,0.57078
6515,0.56142
6520,0.55536
6525,0.54687
6530,0.53658
6535,0.5254
6540,0.50348
6545,0.47273
6550,0.43693
6555,0.39216
6560,0.3403
6565,0.33709
6570,0.38689
6575,0.4298
6580,0.45985
6585,0.47999
6590,0.49583
6595,0.50472
6600,0.50946
6605,0.51182
6610,0.51524
6615,0.52077
6620,0.52168
6625,0.52585
6630,0.52675
6635,0.5277
6640,0.53168
6645,0.53321
6650,0.535
6655,0.53514
6660,0.53688
6665,0.53512
6670,0.53646
6675,0.53514
6680,0.53706
6685,0.53897
6690,0.53919
6695,0.53798
6700,0.53506
6705,0.53501
6710,0.53214
6715,0.52833
6720,0.52757
6725,0.52736
6730,0.52169
6735,0.51625
6740,0.5092
6745,0.50556
6750,0.50299
6755,0.50042
6760,0.49828
6765,0.49524
6770,0.4916
6775,0.48726
6780,0.4842
6785,0.47888
6790,0.4781
6795,0.47569
6800,0.47268
6805,0.47094
6810,0.46786
6815,0.46698
6820,0.46558
6825,0.46361
6830,0.46256
6835,0.46175
6840,0.46162
6845,0.46352
6850,0.46669
6855,0.46919
6860,0.47094
6865,0.47148
6870,0.47263
6875,0.47652
6880,0.48181
6885,0.48585
6890,0.48748
6895,0.48647
6900,0.48525
6905,0.48565
6910,0.48941
6915,0.49682
6920,0.50295
6925,0.50328
6930,0.4943
6935,0.47733
6940,0.47081
6945,0.47491
6950,0.47638
6955,0.46052
6960,0.43074
6965,0.41845
6970,0.41142
6975,0.40155
6980,0.38955
6985,0.37833
6990,0.36456
6995,0.3546
7000,0.34502
7005,0.33582
7010,0.33056
7015,0.32615
7020,0.3234
7025,0.32317
7030,0.32612
7035,0.33011
7040,0.33415
7045,0.34152
7050,0.35143
7055,0.3605
7060,0.3693
7065,0.37712
7070,0.38281
7075,0.37812
7080,0.35681
7085,0.31089
7090,0.2501
7095,0.21561
7100,0.1979
7105,0.16797
7110,0.13251
7115,0.099578
7120,0.079001
7125,0.072204
7130,0.055777
7135,0.034679
7140,0.019392
7145,0.013969
7150,0.012994
7155,0.01167
7160,0.010174
7165,0.0081553
7170,0.006092
7175,0.0046005
7180,0.0036362
7185,0.0026752
7190,0.0022314
7195,0.0022258
7200,0.0017678
7205,0.0013226
