4960,0.0013258
4965,0.0039643
4970,0.014397
4975,0.042208
4980,0.089921
4985,0.15914
4990,0.24535
4995,0.34591
5000,0.44876
5005,0.55638
5010,0.66378
5015,0.74702
5020,0.83837
5025,0.96056
5030,1.023
5035,1.0572
5040,1.0654
5045,1.088
5050,1.0992
5055,1.1022
5060,1.1113
5065,1.1158
5070,1.1146
5075,1.1128
5080,1.1073
5085,1.1181
5090,1.1336
5095,1.1185
5100,1.1037
5105,1.1207
5110,1.1282
5115,1.1319
5120,1.1185
5125,1.1061
5130,1.1148
5135,1.1093
5140,1.1021
5145,1.0922
5150,1.0948
5155,1.0984
5160,1.0906
5165,1.0282
5170,1.0071
5175,1.0738
5180,1.0668
5185,1.0345
5190,1.0396
5195,1.0256
5200,1.026
5205,1.0307
5210,1.0281
5215,1.0176
5220,1.0208
5225,0.99758
5230,1.0028
5235,1.0022
5240,1.0202
5245,1.0347
5250,1.0321
5255,1.0306
5260,1.0177
5265,0.99248
5270,0.99027
5275,0.98302
5280,1.0118
5285,1.034
5290,1.0571
5295,1.0513
5300,1.0486
5305,1.0538
5310,1.0456
5315,1.0137
5320,1.0111
5325,1.0006
5330,1.0059
5335,1.0123
5340,1.0069
5345,1.005
5350,1.0051
5355,1.0049
5360,0.98208
5365,0.95008
5370,0.96122
5375,0.97857
5380,0.97537
5385,0.97742
5390,0.96713
5395,0.95559
5400,0.94525
5405,0.93716
5410,0.94378
5415,0.94004
5420,0.94115
5425,0.93505
5430,0.93721
5435,0.95958
5440,0.98026
5445,0.97651
5450,0.98071
5455,0.98498
5460,0.99464
5465,0.99719
5470,0.99788
5475,0.99281
5480,0.99496
5485,1.0058
5490,1.0051
5495,1.0042
5500,0.9906
5505,0.97137
5510,0.96411
5515,0.97239
5520,0.96945
5525,0.9414
5530,0.93141
5535,0.92493
5540,0.93833
5545,0.93779
5550,0.93427
5555,0.93249
5560,0.91946
5565,0.90708
5570,0.90002
5575,0.90714
5580,0.9121
5585,0.90534
5590,0.89594
5595,0.89175
5600,0.88778
5605,0.88346
5610,0.8782
5615,0.87073
5620,0.88105
5625,0.88779
5630,0.88676
5635,0.88581
5640,0.88573
5645,0.89032
5650,0.89272
5655,0.88269
5660,0.87939
5665,0.88562
5670,0.89029
5675,0.90244
5680,0.89888
5685,0.89841
5690,0.89107
5695,0.89044
5700,0.87948
5705,0.8659
5710,0.87118
5715,0.87558
5720,0.87762
5725,0.8815
5730,0.87581
5735,0.87074
5740,0.86226
5745,0.85666
5750,0.85002
5755,0.8508
5760,0.85138
5765,0.8495
5770,0.84091
5775,0.81784
5780,0.79469
5785,0.79413
5790,0.80059
5795,0.80206
5800,0.81167
5805,0.80852
5810,0.80604
5815,0.81916
5820,0.81937
5825,0.81966
5830,0.82337
5835,0.82736
5840,0.82283
5845,0.8143
5850,0.8083
5855,0.80906
5860,0.82248
5865,0.81807
5870,0.81222
5875,0.7993
5880,0.79179
5885,0.74705
5890,0.66925
5895,0.67572
5900,0.73108
5905,0.77283
5910,0.77682
5915,0.77312
5920,0.76632
5925,0.7683
5930,0.76359
5935,0.7642
5940,0.75488
5945,0.74931
5950,0.75351
5955,0.75506
5960,0.75455
5965,0.747
5970,0.74396
5975,0.74715
5980,0.7493
5985,0.74079
5990,0.74113
5995,0.73831
6000,0.73566
6005,0.7435
6010,0.74459
6015,0.73699
6020,0.73512
6025,0.74069
6030,0.735
6035,0.73362
6040,0.7215
6045,0.72695
6050,0.73337
6055,0.73266
6060,0.73149
6065,0.72995
6070,0.72964
6075,0.73171
6080,0.72527
6085,0.71615
6090,0.70895
6095,0.70806
6100,0.70441
6105,0.70457
6110,0.7072
6115,0.70487
6120,0.70003
6125,0.69765
6130,0.69378
6135,0.68829
6140,0.68492
6145,0.68805
6150,0.68863
6155,0.68497
6160,0.68169
6165,0.69141
6170,0.68366
6175,0.68707
6180,0.69303
6185,0.69332
6190,0.69469
6195,0.69726
6200,0.69813
6205,0.70071
6210,0.70342
6215,0.70135
6220,0.6996
6225,0.70151
6230,0.69511
6235,0.68766
6240,0.68351
6245,0.67905
6250,0.67753
6255,0.68141
6260,0.67569
6265,0.66536
6270,0.66297
6275,0.65017
6280,0.6234
6285,0.62274
6290,0.64039
6295,0.64806
6300,0.65469
6305,0.64473
6310,0.6343
6315,0.62579
6320,0.62303
6325,0.62383
6330,0.62064
6335,0.61518
6340,0.60677
6345,0.58182
6350,0.57836
6355,0.59838
6360,0.59726
6365,0.59238
6370,0.57509
6375,0.57987
6380,0.59522
6385,0.60103
6390,0.61383
6395,0.62566
6400,0.63271
6405,0.63448
6410,0.62904
6415,0.62966
6420,0.63451
6425,0.63752
6430,0.6401
6435,0.64529
6440,0.64015
6445,0.62961
6450,0.62716
6455,0.6204
6460,0.62714
6465,0.63284
6470,0.63563
6475,0.63266
6480,0.62743
6485,0.62073
6490,0.6189
6495,0.61568
6500,0.61878
6505,0.61473
6510,0.6125
6515,0.61212
6520,0.60676
6525,0.59827
6530,0.58924
6535,0.58438
6540,0.58024
6545,0.56759
6550,0.5496
6555,0.52622
6560,0.53585
6565,0.61648
6570,0.56401
6575,0.54497
6580,0.5523
6585,0.55237
6590,0.55008
6595,0.55477
6600,0.55616
6605,0.55839
6610,0.55466
6615,0.54992
6620,0.55374
6625,0.55932
6630,0.5688
6635,0.57115
6640,0.57172
6645,0.57468
6650,0.57315
6655,0.57004
6660,0.57143
6665,0.57607
6670,0.57867
6675,0.5767
6680,0.57837
6685,0.57866
6690,0.58161
6695,0.57705
6700,0.57483
6705,0.57327
6710,0.56869
6715,0.56804
6720,0.56929
6725,0.56367
6730,0.55902
6735,0.55668
6740,0.54998
6745,0.54675
6750,0.54419
6755,0.53941
6760,0.53998
6765,0.54181
6770,0.53503
6775,0.52771
6780,0.52324
6785,0.51727
6790,0.51399
6795,0.50954
6800,0.5085
6805,0.50573
6810,0.50297
6815,0.50103
6820,0.49673
6825,0.49459
6830,0.49553
6835,0.4947
6840,0.49222
6845,0.49299
6850,0.49379
6855,0.49462
6860,0.49649
6865,0.49836
6870,0.50022
6875,0.50319
6880,0.50675
6885,0.51031
6890,0.51437
6895,0.51839
6900,0.52241
6905,0.5253
6910,0.5276
6915,0.53107
6920,0.53332
6925,0.53223
6930,0.52465
6935,0.50985
6940,0.50501
6945,0.50912
6950,0.50818
6955,0.48846
6960,0.45565
6965,0.44325
6970,0.43767
6975,0.43272
6980,0.42121
6985,0.4079
6990,0.39113
6995,0.37986
7000,0.36701
7005,0.35819
7010,0.35634
7015,0.35255
7020,0.35058
7025,0.3508
7030,0.3507
7035,0.35607
7040,0.36284
7045,0.3703
7050,0.3786
7055,0.3887
7060,0.39823
7065,0.40364
7070,0.41117
7075,0.40754
7080,0.38446
7085,0.33588
7090,0.27014
7095,0.23355
7100,0.21545
7105,0.18407
7110,0.14567
7115,0.1099
7120,0.086115
7125,0.078434
7130,0.061495
7135,0.037902
7140,0.021041
7145,0.01516
7150,0.014265
7155,0.012848
7160,0.011134
7165,0.0087811
7170,0.0066006
7175,0.0049838
7180,0.0039664
7185,0.0029141
7190,0.0024437
7195,0.0024811
7200,0.0019637
7205,0.001481
