4960,0.0015536
4965,0.0045945
4970,0.016657
4975,0.048288
4980,0.10368
4985,0.18448
4990,0.28629
4995,0.40391
5000,0.52193
5005,0.64722
5010,0.76942
5015,0.88359
5020,1.013
5025,1.0971
5030,1.1674
5035,1.2131
5040,1.2389
5045,1.2497
5050,1.2563
5055,1.2577
5060,1.251
5065,1.226
5070,1.2398
5075,1.268
5080,1.2565
5085,1.26
5090,1.2742
5095,1.247
5100,1.2393
5105,1.2581
5110,1.2583
5115,1.2504
5120,1.2463
5125,1.251
5130,1.2505
5135,1.2412
5140,1.2169
5145,1.2197
5150,1.2069
5155,1.2044
5160,1.2227
5165,1.2008
5170,1.1889
5175,1.1879
5180,1.1735
5185,1.1771
5190,1.1584
5195,1.146
5200,1.1579
5205,1.1363
5210,1.126
5215,1.1315
5220,1.1186
5225,1.1176
5230,1.1179
5235,1.106
5240,1.099
5245,1.1062
5250,1.1151
5255,1.1227
5260,1.1248
5265,1.1131
5270,1.0944
5275,1.0951
5280,1.1067
5285,1.1089
5290,1.1065
5295,1.0866
5300,1.085
5305,1.0952
5310,1.1115
5315,1.1278
5320,1.118
5325,1.1049
5330,1.0956
5335,1.0777
5340,1.0654
5345,1.0734
5350,1.0751
5355,1.0579
5360,1.0348
5365,1.0191
5370,1.0089
5375,1.0138
5380,1.0133
5385,1.0049
5390,1.0098
5395,0.99835
5400,0.98595
5405,0.97622
5410,0.98498
5415,0.98862
5420,0.97764
5425,0.97662
5430,0.97886
5435,0.98947
5440,0.99756
5445,0.99972
5450,0.99648
5455,0.99791
5460,0.99676
5465,1.0131
5470,1.02
5475,1.0027
5480,0.99445
5485,1.0017
5490,1.0012
5495,0.99678
5500,0.99765
5505,0.99551
5510,0.9874
5515,0.97685
5520,0.97904
5525,0.96941
5530,0.95295
5535,0.94981
5540,0.93717
5545,0.93136
5550,0.93075
5555,0.92261
5560,0.90751
5565,0.90638
5570,0.90349
5575,0.89886
5580,0.90459
5585,0.88913
5590,0.87693
5595,0.87236
5600,0.8715
5605,0.85577
5610,0.85199
5615,0.86497
5620,0.87541
5625,0.85867
5630,0.86514
5635,0.86655
5640,0.86487
5645,0.87145
5650,0.86522
5655,0.8625
5660,0.85818
5665,0.8624
5670,0.8687
5675,0.85408
5680,0.85066
5685,0.86529
5690,0.86973
5695,0.85905
5700,0.85031
5705,0.84145
5710,0.84898
5715,0.84491
5720,0.82536
5725,0.81241
5730,0.81488
5735,0.80317
5740,0.80373
5745,0.79802
5750,0.79148
5755,0.7991
5760,0.79805
5765,0.79887
5770,0.78975
5775,0.76884
5780,0.73707
5785,0.77048
5790,0.77341
5795,0.75742
5800,0.76882
5805,0.77727
5810,0.76862
5815,0.7621
5820,0.76799
5825,0.77681
5830,0.76461
5835,0.75139
5840,0.75641
5845,0.77278
5850,0.76373
5855,0.75026
5860,0.76878
5865,0.7618
5870,0.70923
5875,0.68862
5880,0.72173
5885,0.69894
5890,0.63394
5895,0.64301
5900,0.68599
5905,0.72191
5910,0.71818
5915,0.71373
5920,0.71208
5925,0.71425
5930,0.70516
5935,0.70444
5940,0.69993
5945,0.69589
5950,0.69828
5955,0.70353
5960,0.69829
5965,0.6945
5970,0.69121
5975,0.69584
5980,0.70148
5985,0.68986
5990,0.68546
5995,0.68483
6000,0.67813
6005,0.68002
6010,0.68178
6015,0.6783
6020,0.67777
6025,0.67662
6030,0.67559
6035,0.67389
6040,0.66513
6045,0.66989
6050,0.6612
6055,0.66347
6060,0.66062
6065,0.65715
6070,0.65154
6075,0.64817
6080,0.64969
6085,0.64285
6090,0.64389
6095,0.63924
6100,0.63785
6105,0.63622
6110,0.63468
6115,0.63541
6120,0.62398
6125,0.62375
6130,0.6216
6135,0.61424
6140,0.61372
6145,0.61262
6150,0.61447
6155,0.61664
6160,0.61061
6165,0.61285
6170,0.60822
6175,0.60975
6180,0.6083
6185,0.60913
6190,0.61209
6195,0.61582
6200,0.60987
6205,0.61092
6210,0.61368
6215,0.60823
6220,0.61014
6225,0.61257
6230,0.61601
6235,0.6126
6240,0.6106
6245,0.61141
6250,0.60269
6255,0.59679
6260,0.60003
6265,0.59239
6270,0.58089
6275,0.56907
6280,0.54213
6285,0.54402
6290,0.5608
6295,0.56732
6300,0.56051
6305,0.55428
6310,0.55509
6315,0.54722
6320,0.54466
6325,0.54139
6330,0.53882
6335,0.53268
6340,0.52527
6345,0.51347
6350,0.51025
6355,0.50981
6360,0.50927
6365,0.50539
6370,0.50444
6375,0.50286
6380,0.505
6385,0.51336
6390,0.51942
6395,0.52397
6400,0.52834
6405,0.53499
6410,0.54391
6415,0.53796
6420,0.53837
6425,0.54016
6430,0.53953
6435,0.54148
6440,0.54258
6445,0.53553
6450,0.53618
6455,0.53712
6460,0.53525
6465,0.53629
6470,0.53504
6475,0.52936
6480,0.52681
6485,0.52112
6490,0.52129
6495,0.5218
6500,0.52309
6505,0.52245
6510,0.51855
6515,0.51177
6520,0.51361
6525,0.51545
6530,0.50568
6535,0.49861
6540,0.49329
6545,0.48195
6550,0.46445
6555,0.44046
6560,0.3927
6565,0.39188
6570,0.43923
6575,0.45416
6580,0.45632
6585,0.46028
6590,0.47039
6595,0.47091
6600,0.46948
6605,0.47237
6610,0.46651
6615,0.46987
6620,0.47474
6625,0.47479
6630,0.47088
6635,0.47275
6640,0.47062
6645,0.46722
6650,0.46996
6655,0.47229
6660,0.47253
6665,0.46924
6670,0.46354
6675,0.44704
6680,0.44533
6685,0.46578
6690,0.46864
6695,0.4687
6700,0.46803
6705,0.47024
6710,0.47014
6715,0.46273
6720,0.45982
6725,0.45936
6730,0.45533
6735,0.45317
6740,0.45096
6745,0.44528
6750,0.44044
6755,0.43739
6760,0.43294
6765,0.43106
6770,0.42647
6775,0.42148
6780,0.41994
6785,0.41562
6790,0.41092
6795,0.4098
6800,0.40852
6805,0.40529
6810,0.40069
6815,0.40145
6820,0.39935
6825,0.39761
6830,0.39841
6835,0.39635
6840,0.40256
6845,0.40281
6850,0.40305
6855,0.40334
6860,0.40468
6865,0.40587
6870,0.40696
6875,0.40912
6880,0.41175
6885,0.41433
6890,0.4173
6895,0.42034
6900,0.42339
6905,0.4255
6910,0.42712
6915,0.42965
6920,0.43131
6925,0.43029
6930,0.42395
6935,0.41178
6940,0.40766
6945,0.41071
6950,0.40965
6955,0.39351
6960,0.36678
6965,0.35659
6970,0.35173
6975,0.35057
6980,0.33655
6985,0.31982
6990,0.30666
6995,0.29965
7000,0.29236
7005,0.28428
7010,0.27847
7015,0.27341
7020,0.27229
7025,0.26925
7030,0.27425
7035,0.2777
7040,0.28293
7045,0.28987
7050,0.29396
7055,0.30201
7060,0.30537
7065,0.29908
7070,0.31525
7075,0.31619
7080,0.29712
7085,0.25968
7090,0.2089
7095,0.17909
7100,0.16192
7105,0.13737
7110,0.11064
7115,0.084055
7120,0.066696
7125,0.061069
7130,0.047921
7135,0.030103
7140,0.01648
7145,0.011826
7150,0.01104
7155,0.0097609
7160,0.0083635
7165,0.0066447
7170,0.0049268
7175,0.0037484
7180,0.0029694
7185,0.0021694
7190,0.0018175
7195,0.0018254
7200,0.0014479
7205,0.0011252
