4960,0.0015287
4965,0.0045479
4970,0.016521
4975,0.047512
4980,0.10278
4985,0.18317
4990,0.28734
4995,0.40197
5000,0.52934
5005,0.65647
5010,0.77262
5015,0.87127
5020,0.98263
5025,1.0889
5030,1.1647
5035,1.2153
5040,1.2575
5045,1.2596
5050,1.2494
5055,1.2421
5060,1.2457
5065,1.2436
5070,1.2475
5075,1.2543
5080,1.2592
5085,1.2586
5090,1.2529
5095,1.2544
5100,1.2567
5105,1.247
5110,1.243
5115,1.2479
5120,1.2558
5125,1.2587
5130,1.2474
5135,1.2421
5140,1.2394
5145,1.2289
5150,1.2234
5155,1.2078
5160,1.208
5165,1.2007
5170,1.1936
5175,1.193
5180,1.179
5185,1.1662
5190,1.1662
5195,1.1652
5200,1.159
5205,1.1542
5210,1.1437
5215,1.1371
5220,1.1283
5225,1.1196
5230,1.118
5235,1.1196
5240,1.119
5245,1.1172
5250,1.1132
5255,1.111
5260,1.1142
5265,1.1059
5270,1.1056
5275,1.1091
5280,1.1143
5285,1.1191
5290,1.1204
5295,1.1286
5300,1.1223
5305,1.1224
5310,1.1302
5315,1.1145
5320,1.1006
5325,1.0986
5330,1.0857
5335,1.0722
5340,1.062
5345,1.0518
5350,1.0517
5355,1.0464
5360,1.0412
5365,1.0299
5370,1.0242
5375,1.018
5380,1.0193
5385,1.0063
5390,0.99569
5395,0.99735
5400,0.99104
5405,0.99046
5410,0.9878
5415,0.98104
5420,0.97735
5425,0.98893
5430,0.98788
5435,0.98738
5440,0.99592
5445,1.0035
5450,1.0174
5455,1.0141
5460,1.0231
5465,1.0267
5470,1.0277
5475,1.0256
5480,1.0195
5485,1.0143
5490,0.99865
5495,1.0069
5500,1.0102
5505,0.99061
5510,0.97601
5515,0.97349
5520,0.96338
5525,0.95456
5530,0.94926
5535,0.93423
5540,0.9234
5545,0.9309
5550,0.93007
5555,0.9144
5560,0.9172
5565,0.91715
5570,0.91025
5575,0.90857
5580,0.89926
5585,0.89367
5590,0.89459
5595,0.89308
5600,0.8853
5605,0.87204
5610,0.86846
5615,0.86192
5620,0.86213
5625,0.86775
5630,0.86332
5635,0.86443
5640,0.87661
5645,0.88153
5650,0.87869
5655,0.87636
5660,0.87651
5665,0.87553
5670,0.87022
5675,0.87445
5680,0.87743
5685,0.86838
5690,0.88167
5695,0.88212
5700,0.86468
5705,0.85532
5710,0.85517
5715,0.85253
5720,0.83994
5725,0.83669
5730,0.83626
5735,0.83169
5740,0.81679
5745,0.81514
5750,0.81578
5755,0.81508
5760,0.80653
5765,0.79983
5770,0.79929
5775,0.7893
5780,0.7691
5785,0.77436
5790,0.78295
5795,0.77773
5800,0.77679
5805,0.78487
5810,0.78525
5815,0.77464
5820,0.77572
5825,0.77807
5830,0.77725
5835,0.77516
5840,0.77683
5845,0.77622
5850,0.77348
5855,0.77294
5860,0.77747
5865,0.77576
5870,0.75652
5875,0.71648
5880,0.73387
5885,0.73919
5890,0.71427
5895,0.70921
5900,0.72632
5905,0.74664
5910,0.75175
5915,0.74354
5920,0.7357
5925,0.72785
5930,0.71525
5935,0.711
5940,0.71693
5945,0.71557
5950,0.71301
5955,0.71212
5960,0.71042
5965,0.71258
5970,0.70547
5975,0.70168
5980,0.69983
5985,0.70348
5990,0.70111
5995,0.70113
6000,0.7062
6005,0.71627
6010,0.71276
6015,0.71575
6020,0.70699
6025,0.70049
6030,0.69644
6035,0.69224
6040,0.69366
6045,0.68204
6050,0.68194
6055,0.67963
6060,0.67949
6065,0.67793
6070,0.67915
6075,0.67357
6080,0.6678
6085,0.66811
6090,0.66606
6095,0.66036
6100,0.65361
6105,0.64978
6110,0.64893
6115,0.64442
6120,0.64667
6125,0.64332
6130,0.64293
6135,0.6388
6140,0.63649
6145,0.63547
6150,0.63624
6155,0.63445
6160,0.63378
6165,0.63442
6170,0.63708
6175,0.63359
6180,0.63215
6185,0.63598
6190,0.6381
6195,0.64057
6200,0.63992
6205,0.63951
6210,0.63806
6215,0.63632
6220,0.63578
6225,0.63014
6230,0.63188
6235,0.63472
6240,0.62989
6245,0.62583
6250,0.62514
6255,0.61752
6260,0.61144
6265,0.61028
6270,0.60204
6275,0.58791
6280,0.57764
6285,0.58068
6290,0.58528
6295,0.58037
6300,0.57955
6305,0.57392
6310,0.57115
6315,0.56546
6320,0.55916
6325,0.55905
6330,0.55373
6335,0.54584
6340,0.53706
6345,0.52791
6350,0.52836
6355,0.5311
6360,0.52666
6365,0.52779
6370,0.52459
6375,0.52792
6380,0.52815
6385,0.53536
6390,0.54399
6395,0.55193
6400,0.55217
6405,0.56134
6410,0.56704
6415,0.56859
6420,0.56622
6425,0.56784
6430,0.56674
6435,0.56614
6440,0.56678
6445,0.56407
6450,0.56396
6455,0.56539
6460,0.56537
6465,0.56175
6470,0.56103
6475,0.55853
6480,0.55446
6485,0.55223
6490,0.54697
6495,0.54583
6500,0.5485
6505,0.54946
6510,0.54543
6515,0.54312
6520,0.54053
6525,0.53374
6530,0.52898
6535,0.51612
6540,0.50781
6545,0.4875
6550,0.46164
6555,0.43135
6560,0.37826
6565,0.37117
6570,0.42209
6575,0.45574
6580,0.46531
6585,0.47543
6590,0.48466
6595,0.48537
6600,0.4899
6605,0.49076
6610,0.49022
6615,0.48827
6620,0.49009
6625,0.49418
6630,0.49425
6635,0.49209
6640,0.49186
6645,0.49582
6650,0.49932
6655,0.49917
6660,0.49881
6665,0.49756
6670,0.49661
6675,0.47519
6680,0.47855
6685,0.48999
6690,0.49418
6695,0.49296
6700,0.495
6705,0.49414
6710,0.49391
6715,0.48747
6720,0.48074
6725,0.47652
6730,0.47922
6735,0.47441
6740,0.47112
6745,0.46582
6750,0.46269
6755,0.46014
6760,0.45861
6765,0.4579
6770,0.45273
6775,0.44677
6780,0.44243
6785,0.44006
6790,0.43658
6795,0.43251
6800,0.42633
6805,0.42827
6810,0.42617
6815,0.42458
6820,0.41987
6825,0.42058
6830,0.42307
6835,0.41983
6840,0.42205
6845,0.42236
6850,0.42298
6855,0.42335
6860,0.42401
6865,0.42391
6870,0.4268
6875,0.42978
6880,0.4326
6885,0.43458
6890,0.43831
6895,0.44138
6900,0.44532
6905,0.44784
6910,0.44959
6915,0.45239
6920,0.45384
6925,0.45271
6930,0.44655
6935,0.43418
6940,0.42987
6945,0.43328
6950,0.43282
6955,0.41603
6960,0.38791
6965,0.37698
6970,0.37205
6975,0.36638
6980,0.35955
6985,0.34218
6990,0.33022
6995,0.32086
7000,0.30961
7005,0.30223
7010,0.29685
7015,0.29719
7020,0.29492
7025,0.29772
7030,0.29966
7035,0.29814
7040,0.30122
7045,0.30853
7050,0.31674
7055,0.32391
7060,0.32595
7065,0.33179
7070,0.34301
7075,0.33905
7080,0.31829
7085,0.27976
7090,0.22674
7095,0.19189
7100,0.17516
7105,0.15373
7110,0.11888
7115,0.089884
7120,0.07185
7125,0.066114
7130,0.051477
7135,0.032082
7140,0.017781
7145,0.012708
7150,0.011745
7155,0.010498
7160,0.0091621
7165,0.0072489
7170,0.0054886
7175,0.0041855
7180,0.0032659
7185,0.0024206
7190,0.002042
7195,0.0020413
7200,0.0016207
7205,0.0012372
