4960,0.0011521
4965,0.0034865
4970,0.012734
4975,0.036965
4980,0.077597
4985,0.137
4990,0.21704
4995,0.30726
5000,0.40211
5005,0.49484
5010,0.58718
5015,0.67058
5020,0.75969
5025,0.84484
5030,0.91414
5035,0.95112
5040,0.95703
5045,0.98199
5050,0.99096
5055,1.0053
5060,1.0212
5065,1.0124
5070,1.0054
5075,0.99854
5080,0.9966
5085,1.0114
5090,1.0296
5095,1.0305
5100,1.0219
5105,1.0267
5110,1.0255
5115,1.0393
5120,1.0393
5125,1.0251
5130,1.015
5135,1.0074
5140,0.99971
5145,1.004
5150,1.0089
5155,1.0074
5160,0.99775
5165,0.95257
5170,0.92008
5175,0.94171
5180,0.94521
5185,0.92449
5190,0.93663
5195,0.94321
5200,0.94892
5205,0.94132
5210,0.9498
5215,0.95421
5220,0.96005
5225,0.94451
5230,0.94187
5235,0.9539
5240,0.96837
5245,0.97802
5250,0.98092
5255,0.98663
5260,0.97168
5265,0.93334
5270,0.92884
5275,0.94651
5280,0.96918
5285,0.99491
5290,1.0248
5295,1.0225
5300,1.0107
5305,1.0232
5310,1.0281
5315,1.0192
5320,1.0035
5325,0.97425
5330,0.96026
5335,0.96968
5340,0.9642
5345,0.9702
5350,0.97728
5355,0.98269
5360,0.96974
5365,0.94292
5370,0.93645
5375,0.95113
5380,0.95882
5385,0.95689
5390,0.94852
5395,0.93174
5400,0.92048
5405,0.90733
5410,0.91115
5415,0.92367
5420,0.92964
5425,0.92763
5430,0.92878
5435,0.94034
5440,0.96763
5445,0.97673
5450,0.98886
5455,0.99401
5460,0.99758
5465,0.99303
5470,0.99721
5475,0.98362
5480,0.97916
5485,0.9915
5490,0.99146
5495,0.98867
5500,0.98116
5505,0.97324
5510,0.96579
5515,0.9606
5520,0.95882
5525,0.94625
5530,0.94224
5535,0.94281
5540,0.94684
5545,0.94741
5550,0.94259
5555,0.93586
5560,0.93081
5565,0.92174
5570,0.91153
5575,0.9083
5580,0.90689
5585,0.88848
5590,0.87649
5595,0.87303
5600,0.8738
5605,0.88815
5610,0.90154
5615,0.88889
5620,0.88833
5625,0.8938
5630,0.90385
5635,0.90837
5640,0.91608
5645,0.92941
5650,0.93369
5655,0.91909
5660,0.90714
5665,0.91024
5670,0.92146
5675,0.93331
5680,0.93308
5685,0.92456
5690,0.9226
5695,0.92265
5700,0.91775
5705,0.90514
5710,0.89609
5715,0.90646
5720,0.91937
5725,0.92668
5730,0.92052
5735,0.91803
5740,0.91267
5745,0.90596
5750,0.89743
5755,0.88801
5760,0.8885
5765,0.8868
5770,0.88881
5775,0.8843
5780,0.87906
5785,0.87317
5790,0.87293
5795,0.87268
5800,0.87368
5805,0.87617
5810,0.87978
5815,0.88245
5820,0.88714
5825,0.88556
5830,0.88363
5835,0.88581
5840,0.88703
5845,0.88772
5850,0.88423
5855,0.87294
5860,0.87044
5865,0.8773
5870,0.88036
5875,0.8713
5880,0.86488
5885,0.84992
5890,0.82066
5895,0.81015
5900,0.8293
5905,0.84576
5910,0.84861
5915,0.84982
5920,0.84757
5925,0.84549
5930,0.83995
5935,0.84221
5940,0.83626
5945,0.83204
5950,0.83019
5955,0.8326
5960,0.83791
5965,0.83926
5970,0.83687
5975,0.83327
5980,0.83362
5985,0.83157
5990,0.83505
5995,0.8382
6000,0.83601
6005,0.82611
6010,0.82055
6015,0.81159
6020,0.80807
6025,0.81576
6030,0.82374
6035,0.82635
6040,0.82179
6045,0.81956
6050,0.82522
6055,0.82234
6060,0.82183
6065,0.81759
6070,0.81963
6075,0.81382
6080,0.8071
6085,0.80269
6090,0.79861
6095,0.79313
6100,0.78627
6105,0.7863
6110,0.79547
6115,0.79347
6120,0.78885
6125,0.78379
6130,0.78194
6135,0.77062
6140,0.76812
6145,0.77219
6150,0.77503
6155,0.77831
6160,0.7716
6165,0.76899
6170,0.76912
6175,0.77816
6180,0.78499
6185,0.79522
6190,0.79704
6195,0.80271
6200,0.80927
6205,0.80643
6210,0.80522
6215,0.80085
6220,0.79945
6225,0.80033
6230,0.79086
6235,0.78575
6240,0.78254
6245,0.77562
6250,0.77426
6255,0.76879
6260,0.76823
6265,0.76684
6270,0.76593
6275,0.75722
6280,0.74357
6285,0.751
6290,0.75324
6295,0.74468
6300,0.73682
6305,0.73244
6310,0.72576
6315,0.71652
6320,0.71346
6325,0.71675
6330,0.71457
6335,0.70601
6340,0.69905
6345,0.69283
6350,0.69311
6355,0.69327
6360,0.68747
6365,0.68991
6370,0.69361
6375,0.69994
6380,0.70293
6385,0.71088
6390,0.72056
6395,0.72683
6400,0.73168
6405,0.73822
6410,0.74018
6415,0.74431
6420,0.7396
6425,0.74288
6430,0.74187
6435,0.74326
6440,0.74778
6445,0.75061
6450,0.74341
6455,0.73906
6460,0.73737
6465,0.73784
6470,0.74263
6475,0.74351
6480,0.74166
6485,0.73679
6490,0.72489
6495,0.71276
6500,0.7245
6505,0.73575
6510,0.73503
6515,0.72994
6520,0.73069
6525,0.72828
6530,0.72244
6535,0.71898
6540,0.70896
6545,0.68519
6550,0.65396
6555,0.61237
6560,0.55017
6565,0.54259
6570,0.59139
6575,0.62472
6580,0.64787
6585,0.65999
6590,0.66377
6595,0.66315
6600,0.66606
6605,0.66908
6610,0.6724
6615,0.67647
6620,0.67988
6625,0.67984
6630,0.67645
6635,0.67681
6640,0.68508
6645,0.69194
6650,0.69748
6655,0.69957
6660,0.69943
6665,0.69982
6670,0.69877
6675,0.69665
6680,0.69622
6685,0.69632
6690,0.69385
6695,0.69449
6700,0.69518
6705,0.69334
6710,0.69106
6715,0.68905
6720,0.6884
6725,0.69093
6730,0.6856
6735,0.67646
6740,0.66683
6745,0.65617
6750,0.6501
6755,0.65119
6760,0.65312
6765,0.65236
6770,0.65558
6775,0.65178
6780,0.64426
6785,0.6372
6790,0.6341
6795,0.63137
6800,0.63133
6805,0.62402
6810,0.6218
6815,0.62223
6820,0.61793
6825,0.61536
6830,0.61265
6835,0.60776
6840,0.60223
6845,0.60304
6850,0.60404
6855,0.60388
6860,0.60284
6865,0.59949
6870,0.59537
6875,0.59441
6880,0.59807
6885,0.60616
6890,0.61764
6895,0.62871
6900,0.63654
6905,0.63911
6910,0.63893
6915,0.64134
6920,0.64639
6925,0.65177
6930,0.6508
6935,0.63889
6940,0.63507
6945,0.63793
6950,0.63219
6955,0.60389
6960,0.56176
6965,0.54637
6970,0.53872
6975,0.53912
6980,0.51917
6985,0.50064
6990,0.48005
6995,0.46742
7000,0.45507
7005,0.44383
7010,0.43841
7015,0.43391
7020,0.42902
7025,0.42763
7030,0.42886
7035,0.43715
7040,0.44953
7045,0.46169
7050,0.47338
7055,0.48684
7060,0.49562
7065,0.5022
7070,0.51243
7075,0.51528
7080,0.49083
7085,0.42802
7090,0.34431
7095,0.29671
7100,0.27247
7105,0.23269
7110,0.18427
7115,0.13883
7120,0.10928
7125,0.098059
7130,0.076001
7135,0.047686
7140,0.026819
7145,0.019455
7150,0.018119
7155,0.016077
7160,0.01386
7165,0.01095
7170,0.0083452
7175,0.0064023
7180,0.0051146
7185,0.0037599
7190,0.003134
7195,0.0031223
7200,0.0024756
7205,0.0018585
