4960,0.0010169
4965,0.0030618
4970,0.011267
4975,0.032662
4980,0.069543
4985,0.1219
4990,0.18673
4995,0.2622
5000,0.34493
5005,0.43067
5010,0.51282
5015,0.58892
5020,0.66004
5025,0.7246
5030,0.77956
5035,0.82106
5040,0.8467
5045,0.86214
5050,0.87193
5055,0.87834
5060,0.88231
5065,0.88357
5070,0.88353
5075,0.88533
5080,0.88887
5085,0.89276
5090,0.89439
5095,0.89234
5100,0.88811
5105,0.8842
5110,0.88392
5115,0.88626
5120,0.88731
5125,0.88252
5130,0.87347
5135,0.86466
5140,0.86335
5145,0.87005
5150,0.87927
5155,0.87907
5160,0.86008
5165,0.82293
5170,0.78157
5175,0.75649
5180,0.75839
5185,0.78514
5190,0.82279
5195,0.85195
5200,0.8615
5205,0.85558
5210,0.84447
5215,0.83711
5220,0.83904
5225,0.84682
5230,0.86004
5235,0.87669
5240,0.89525
5245,0.90977
5250,0.91255
5255,0.89933
5260,0.87359
5265,0.85263
5270,0.84948
5275,0.87092
5280,0.90719
5285,0.94164
5290,0.95839
5295,0.95844
5300,0.95197
5305,0.95034
5310,0.95637
5315,0.96307
5320,0.96028
5325,0.94515
5330,0.92514
5335,0.91343
5340,0.9159
5345,0.92923
5350,0.94266
5355,0.94356
5360,0.93299
5365,0.91543
5370,0.90487
5375,0.90504
5380,0.91248
5385,0.91769
5390,0.91338
5395,0.89686
5400,0.87726
5405,0.86644
5410,0.86922
5415,0.88439
5420,0.9002
5425,0.91019
5430,0.9112
5435,0.91052
5440,0.91546
5445,0.93208
5450,0.95327
5455,0.96989
5460,0.97461
5465,0.96919
5470,0.96149
5475,0.95793
5480,0.96357
5485,0.97161
5490,0.97251
5495,0.96469
5500,0.95123
5505,0.94099
5510,0.93823
5515,0.94169
5520,0.94756
5525,0.94946
5530,0.94973
5535,0.94953
5540,0.95248
5545,0.95584
5550,0.95342
5555,0.9441
5560,0.93121
5565,0.92
5570,0.91534
5575,0.9122
5580,0.90674
5585,0.89474
5590,0.8796
5595,0.87079
5600,0.87376
5605,0.8858
5610,0.90063
5615,0.90927
5620,0.91104
5625,0.90992
5630,0.91378
5635,0.92219
5640,0.93327
5645,0.93889
5650,0.93787
5655,0.93326
5660,0.93227
5665,0.94034
5670,0.955
5675,0.96742
5680,0.97102
5685,0.96238
5690,0.94654
5695,0.93134
5700,0.92286
5705,0.92396
5710,0.93373
5715,0.94727
5720,0.95917
5725,0.96468
5730,0.96399
5735,0.95889
5740,0.95154
5745,0.94672
5750,0.94352
5755,0.94219
5760,0.94186
5765,0.93882
5770,0.93444
5775,0.92817
5780,0.92117
5785,0.91586
5790,0.91241
5795,0.91281
5800,0.91658
5805,0.92349
5810,0.9334
5815,0.94233
5820,0.94999
5825,0.95341
5830,0.95174
5835,0.94564
5840,0.93642
5845,0.92958
5850,0.92758
5855,0.92119
5860,0.92888
5865,0.93811
5870,0.94092
5875,0.93369
5880,0.91802
5885,0.88896
5890,0.85792
5895,0.84955
5900,0.89634
5905,0.88619
5910,0.90554
5915,0.90457
5920,0.91221
5925,0.91618
5930,0.91935
5935,0.91495
5940,0.91421
5945,0.90955
5950,0.90155
5955,0.89967
5960,0.90678
5965,0.91604
5970,0.91427
5975,0.91115
5980,0.90998
5985,0.90582
5990,0.90635
5995,0.91376
6000,0.91596
6005,0.90924
6010,0.91309
6015,0.90491
6020,0.89958
6025,0.91841
6030,0.92288
6035,0.92884
6040,0.92418
6045,0.92973
6050,0.93014
6055,0.92272
6060,0.92243
6065,0.91486
6070,0.91338
6075,0.90723
6080,0.89558
6085,0.88892
6090,0.88662
6095,0.89239
6100,0.88263
6105,0.87049
6110,0.88144
6115,0.8829
6120,0.86368
6125,0.86358
6130,0.86685
6135,0.85789
6140,0.84797
6145,0.86673
6150,0.86476
6155,0.85985
6160,0.85128
6165,0.8448
6170,0.85662
6175,0.86687
6180,0.88441
6185,0.88705
6190,0.88569
6195,0.89732
6200,0.90351
6205,0.90798
6210,0.90277
6215,0.88522
6220,0.88174
6225,0.88494
6230,0.8743
6235,0.88111
6240,0.8834
6245,0.87649
6250,0.87748
6255,0.87022
6260,0.87159
6265,0.87473
6270,0.87602
6275,0.86834
6280,0.84755
6285,0.85796
6290,0.85607
6295,0.84616
6300,0.8325
6305,0.83212
6310,0.8367
6315,0.81931
6320,0.81991
6325,0.82708
6330,0.82414
6335,0.81272
6340,0.80513
6345,0.80624
6350,0.80645
6355,0.80178
6360,0.79184
6365,0.79484
6370,0.80778
6375,0.81541
6380,0.8184
6385,0.82883
6390,0.83969
6395,0.84806
6400,0.84888
6405,0.85789
6410,0.85682
6415,0.86153
6420,0.86182
6425,0.86887
6430,0.86977
6435,0.87413
6440,0.87531
6445,0.88416
6450,0.87123
6455,0.87394
6460,0.87412
6465,0.87419
6470,0.87791
6475,0.87942
6480,0.87991
6485,0.87269
6490,0.8625
6495,0.82702
6500,0.8316
6505,0.85668
6510,0.86418
6515,0.86091
6520,0.85312
6525,0.85299
6530,0.8402
6535,0.83017
6540,0.82365
6545,0.81159
6550,0.79949
6555,0.78059
6560,0.73739
6565,0.70822
6570,0.75645
6575,0.77107
6580,0.79261
6585,0.80119
6590,0.80327
6595,0.79828
6600,0.79612
6605,0.79369
6610,0.79498
6615,0.8091
6620,0.8178
6625,0.81484
6630,0.81027
6635,0.80413
6640,0.8124
6645,0.81892
6650,0.83687
6655,0.84858
6660,0.85146
6665,0.8484
6670,0.85374
6675,0.85063
6680,0.84904
6685,0.85493
6690,0.85609
6695,0.85102
6700,0.84706
6705,0.84722
6710,0.84461
6715,0.83609
6720,0.83699
6725,0.83825
6730,0.8357
6735,0.83444
6740,0.82754
6745,0.82347
6750,0.81732
6755,0.81374
6760,0.81226
6765,0.80729
6770,0.79693
6775,0.80298
6780,0.80156
6785,0.79178
6790,0.78523
6795,0.77515
6800,0.76939
6805,0.76798
6810,0.77083
6815,0.7777
6820,0.77925
6825,0.77871
6830,0.76894
6835,0.75871
6840,0.75413
6845,0.75661
6850,0.76361
6855,0.77129
6860,0.77746
6865,0.77899
6870,0.77754
6875,0.77812
6880,0.7825
6885,0.79012
6890,0.80008
6895,0.80856
6900,0.8139
6905,0.81556
6910,0.81737
6915,0.82485
6920,0.83501
6925,0.84163
6930,0.8365
6935,0.81684
6940,0.8108
6945,0.81824
6950,0.81738
6955,0.78566
6960,0.73099
6965,0.70875
6970,0.70028
6975,0.683
6980,0.66793
6985,0.66141
6990,0.64039
6995,0.61591
7000,0.5873
7005,0.56294
7010,0.55489
7015,0.55196
7020,0.56498
7025,0.56928
7030,0.57639
7035,0.57686
7040,0.5793
7045,0.5933
7050,0.60872
7055,0.62792
7060,0.65046
7065,0.66176
7070,0.66886
7075,0.65941
7080,0.62064
7085,0.53798
7090,0.43779
7095,0.38121
7100,0.35093
7105,0.29582
7110,0.23004
7115,0.17188
7120,0.13614
7125,0.12516
7130,0.099262
7135,0.063011
7140,0.035302
7145,0.025384
7150,0.023427
7155,0.020924
7160,0.018315
7165,0.014686
7170,0.011201
7175,0.0085199
7180,0.0067043
7185,0.0049225
7190,0.0040435
7195,0.0040601
7200,0.0032244
7205,0.0023976
