4960,0.00086715
4965,0.0025974
4970,0.0096497
4975,0.028085
4980,0.056922
4985,0.10097
4990,0.16036
4995,0.22911
5000,0.29158
5005,0.35234
5010,0.42062
5015,0.46857
5020,0.53776
5025,0.6301
5030,0.69906
5035,0.70805
5040,0.68666
5045,0.73548
5050,0.76349
5055,0.80404
5060,0.82623
5065,0.79201
5070,0.76523
5075,0.74687
5080,0.71463
5085,0.75509
5090,0.80039
5095,0.79536
5100,0.7676
5105,0.75585
5110,0.7607
5115,0.80526
5120,0.80506
5125,0.74598
5130,0.75054
5135,0.76949
5140,0.75275
5145,0.73676
5150,0.73457
5155,0.78158
5160,0.79285
5165,0.66154
5170,0.60214
5175,0.70145
5180,0.74169
5185,0.72709
5190,0.72823
5195,0.74424
5200,0.77018
5205,0.7323
5210,0.72829
5215,0.7692
5220,0.77346
5225,0.73094
5230,0.7306
5235,0.7913
5240,0.83828
5245,0.80581
5250,0.77108
5255,0.80473
5260,0.79425
5265,0.71672
5270,0.68471
5275,0.75951
5280,0.83829
5285,0.89181
5290,0.91929
5295,0.86288
5300,0.8413
5305,0.91326
5310,0.95318
5315,0.94154
5320,0.89931
5325,0.82405
5330,0.82143
5335,0.88165
5340,0.88073
5345,0.87082
5350,0.88611
5355,0.94191
5360,0.94252
5365,0.88249
5370,0.83273
5375,0.88527
5380,0.90168
5385,0.8838
5390,0.84681
5395,0.82005
5400,0.79889
5405,0.78512
5410,0.81044
5415,0.87077
5420,0.87799
5425,0.87209
5430,0.85048
5435,0.86923
5440,0.94276
5445,0.92897
5450,0.94809
5455,0.93338
5460,0.96423
5465,0.96037
5470,0.95134
5475,0.90893
5480,0.90731
5485,0.92754
5490,0.94287
5495,0.96421
5500,0.95203
5505,0.92368
5510,0.90712
5515,0.93666
5520,0.96464
5525,0.94087
5530,0.93035
5535,0.92849
5540,0.95025
5545,0.95056
5550,0.97002
5555,0.95222
5560,0.93503
5565,0.91072
5570,0.91471
5575,0.93548
5580,0.93824
5585,0.88315
5590,0.84678
5595,0.87753
5600,0.88713
5605,0.93922
5610,0.96882
5615,0.91198
5620,0.897
5625,0.90226
5630,0.95652
5635,0.93596
5640,0.91967
5645,0.94041
5650,0.95549
5655,0.93117
5660,0.90875
5665,0.93591
5670,0.97956
5675,1.008
5680,0.99108
5685,0.97111
5690,0.98511
5695,0.9838
5700,0.94814
5705,0.91541
5710,0.89719
5715,0.97531
5720,1.03
5725,1.0284
5730,1.007
5735,1.0139
5740,1.0089
5745,0.99902
5750,0.97025
5755,0.96613
5760,0.97218
5765,0.99305
5770,1.0081
5775,0.98378
5780,0.92198
5785,0.91111
5790,0.9495
5795,0.97605
5800,0.99956
5805,0.98036
5810,0.98724
5815,0.99765
5820,1.0308
5825,1.0326
5830,1.0283
5835,1.028
5840,1.0407
5845,1.0264
5850,0.9925
5855,0.96617
5860,0.97383
5865,0.9952
5870,1.0166
5875,1.0243
5880,0.99446
5885,0.9392
5890,0.82691
5895,0.86521
5900,0.96196
5905,0.99114
5910,0.99342
5915,0.98687
5920,1.0023
5925,0.99333
5930,0.98472
5935,0.99377
5940,0.99306
5945,0.99416
5950,0.99124
5955,0.99106
5960,1.0132
5965,1.0196
5970,1.0239
5975,0.99903
5980,0.9907
5985,0.97815
5990,0.9998
5995,1.0027
6000,0.98473
6005,0.98968
6010,0.9673
6015,0.9711
6020,0.9703
6025,0.99356
6030,1.0162
6035,1.0239
6040,1.0316
6045,1.0339
6050,1.0211
6055,1.004
6060,1.0048
6065,1.0063
6070,1.029
6075,1.005
6080,0.96972
6085,0.96978
6090,0.96816
6095,0.97228
6100,0.96504
6105,0.96307
6110,0.97916
6115,0.9684
6120,0.94641
6125,0.95137
6130,0.95879
6135,0.90559
6140,0.91777
6145,0.95082
6150,0.95306
6155,0.93339
6160,0.90456
6165,0.90532
6170,0.9282
6175,0.95681
6180,0.97863
6185,0.97695
6190,0.9543
6195,0.97691
6200,0.99335
6205,1.0086
6210,0.98356
6215,0.95286
6220,0.94405
6225,0.94679
6230,0.93476
6235,0.95777
6240,0.93676
6245,0.92442
6250,0.92463
6255,0.89005
6260,0.90877
6265,0.9466
6270,0.95294
6275,0.93605
6280,0.91596
6285,0.92169
6290,0.94697
6295,0.91764
6300,0.90211
6305,0.92483
6310,0.91957
6315,0.87745
6320,0.87585
6325,0.90618
6330,0.90651
6335,0.87834
6340,0.87243
6345,0.88099
6350,0.8925
6355,0.86427
6360,0.83611
6365,0.85726
6370,0.89746
6375,0.91064
6380,0.89955
6385,0.9254
6390,0.92184
6395,0.93793
6400,0.93237
6405,0.94688
6410,0.95648
6415,0.96374
6420,0.95176
6425,0.98029
6430,0.97383
6435,0.98281
6440,0.98844
6445,0.98562
6450,0.96236
6455,0.97096
6460,0.98566
6465,0.98382
6470,0.99346
6475,0.98521
6480,0.9743
6485,0.9896
6490,0.95317
6495,0.87848
6500,0.91128
6505,0.96054
6510,0.97793
6515,0.97356
6520,0.96381
6525,0.95995
6530,0.95764
6535,0.94697
6540,0.94856
6545,0.91933
6550,0.90105
6555,0.85808
6560,0.76995
6565,0.81745
6570,0.87707
6575,0.88811
6580,0.89891
6585,0.90229
6590,0.89517
6595,0.89051
6600,0.91531
6605,0.90569
6610,0.90502
6615,0.93531
6620,0.94364
6625,0.93008
6630,0.91937
6635,0.91827
6640,0.93551
6645,0.93644
6650,0.95339
6655,0.96202
6660,0.94562
6665,0.95061
6670,0.97057
6675,0.96381
6680,0.96446
6685,0.98925
6690,0.99193
6695,0.97359
6700,0.96583
6705,0.96478
6710,0.96265
6715,0.95139
6720,0.95964
6725,0.97881
6730,0.96581
6735,0.95595
6740,0.92893
6745,0.92367
6750,0.92631
6755,0.9423
6760,0.94838
6765,0.92269
6770,0.90575
6775,0.91984
6780,0.91992
6785,0.90109
6790,0.89709
6795,0.88267
6800,0.89914
6805,0.87923
6810,0.87567
6815,0.88189
6820,0.89042
6825,0.88381
6830,0.88077
6835,0.88
6840,0.86636
6845,0.8795
6850,0.88682
6855,0.87736
6860,0.88212
6865,0.90084
6870,0.90405
6875,0.90636
6880,0.91498
6885,0.92716
6890,0.94442
6895,0.94745
6900,0.95521
6905,0.96321
6910,0.95883
6915,0.96479
6920,0.97673
6925,0.9643
6930,0.94898
6935,0.9268
6940,0.91971
6945,0.91546
6950,0.91709
6955,0.88378
6960,0.83114
6965,0.81201
6970,0.80134
6975,0.75368
6980,0.72241
6985,0.72441
6990,0.71076
6995,0.69006
7000,0.65799
7005,0.64507
7010,0.63918
7015,0.61769
7020,0.61714
7025,0.62109
7030,0.63714
7035,0.65363
7040,0.67112
7045,0.69372
7050,0.70882
7055,0.71845
7060,0.74709
7065,0.75498
7070,0.76208
7075,0.7694
7080,0.72207
7085,0.613
7090,0.48893
7095,0.42479
7100,0.39279
7105,0.33368
7110,0.26092
7115,0.19831
7120,0.1563
7125,0.14274
7130,0.11071
7135,0.070546
7140,0.039214
7145,0.028094
7150,0.02576
7155,0.023198
7160,0.020244
7165,0.016125
7170,0.012466
7175,0.0094513
7180,0.0072998
7185,0.0053271
7190,0.0043863
7195,0.0044964
7200,0.0036609
7205,0.0027695
