4960,0.0010032
4965,0.0029885
4970,0.010846
4975,0.031107
4980,0.066185
4985,0.11699
4990,0.18078
4995,0.25416
5000,0.33208
5005,0.41111
5010,0.48903
5015,0.56733
5020,0.64586
5025,0.71734
5030,0.7729
5035,0.80788
5040,0.82458
5045,0.83457
5050,0.84621
5055,0.85972
5060,0.86776
5065,0.86395
5070,0.85347
5075,0.84728
5080,0.84879
5085,0.85659
5090,0.86641
5095,0.87341
5100,0.87652
5105,0.87727
5110,0.87701
5115,0.8744
5120,0.86912
5125,0.8599
5130,0.85005
5135,0.8429
5140,0.84062
5145,0.84038
5150,0.83665
5155,0.8229
5160,0.80204
5165,0.78088
5170,0.76609
5175,0.76473
5180,0.77435
5185,0.78931
5190,0.80502
5195,0.81538
5200,0.8181
5205,0.81755
5210,0.81809
5215,0.82134
5220,0.82828
5225,0.83517
5230,0.84414
5235,0.85581
5240,0.86753
5245,0.87302
5250,0.86841
5255,0.85238
5260,0.83035
5265,0.8179
5270,0.82339
5275,0.85109
5280,0.8879
5285,0.91783
5290,0.93376
5295,0.94167
5300,0.94903
5305,0.96019
5310,0.96862
5315,0.9642
5320,0.94505
5325,0.91872
5330,0.89782
5335,0.8944
5340,0.90686
5345,0.92532
5350,0.93882
5355,0.93875
5360,0.92947
5365,0.91558
5370,0.91003
5375,0.91284
5380,0.91449
5385,0.90521
5390,0.88511
5395,0.85958
5400,0.84267
5405,0.84391
5410,0.858
5415,0.87675
5420,0.88796
5425,0.88975
5430,0.88945
5435,0.89835
5440,0.91461
5445,0.9352
5450,0.95294
5455,0.96412
5460,0.96618
5465,0.96077
5470,0.95232
5475,0.94468
5480,0.94421
5485,0.94968
5490,0.95673
5495,0.96268
5500,0.96185
5505,0.95436
5510,0.94453
5515,0.93745
5520,0.93475
5525,0.93213
5530,0.93099
5535,0.9302
5540,0.93237
5545,0.9372
5550,0.94234
5555,0.94617
5560,0.94502
5565,0.93676
5570,0.92795
5575,0.9206
5580,0.91269
5585,0.89957
5590,0.88712
5595,0.88374
5600,0.88886
5605,0.89717
5610,0.9058
5615,0.91054
5620,0.91099
5625,0.90874
5630,0.91368
5635,0.92707
5640,0.94144
5645,0.94451
5650,0.93938
5655,0.93306
5660,0.929
5665,0.92959
5670,0.9407
5675,0.96123
5680,0.97577
5685,0.97092
5690,0.95666
5695,0.94568
5700,0.9377
5705,0.93082
5710,0.9324
5715,0.94729
5720,0.96691
5725,0.97969
5730,0.98416
5735,0.98034
5740,0.96871
5745,0.95551
5750,0.94354
5755,0.93739
5760,0.93813
5765,0.94026
5770,0.94131
5775,0.93756
5780,0.92968
5785,0.92226
5790,0.91855
5795,0.92182
5800,0.93039
5805,0.94152
5810,0.95281
5815,0.96053
5820,0.96702
5825,0.97203
5830,0.9758
5835,0.97683
5840,0.97219
5845,0.96399
5850,0.95387
5855,0.94522
5860,0.94164
5865,0.94132
5870,0.93832
5875,0.92846
5880,0.91092
5885,0.89127
5890,0.87771
5895,0.87668
5900,0.88782
5905,0.90709
5910,0.92501
5915,0.93566
5920,0.93821
5925,0.93678
5930,0.93346
5935,0.93222
5940,0.93148
5945,0.9314
5950,0.9314
5955,0.93312
5960,0.93769
5965,0.94406
5970,0.94906
5975,0.95
5980,0.94769
5985,0.94239
5990,0.93844
5995,0.93729
6000,0.93772
6005,0.93125
6010,0.93047
6015,0.92851
6020,0.91918
6025,0.92227
6030,0.9476
6035,0.96602
6040,0.96236
6045,0.97687
6050,0.96412
6055,0.95474
6060,0.94527
6065,0.94095
6070,0.94893
6075,0.94254
6080,0.93223
6085,0.91911
6090,0.90802
6095,0.90908
6100,0.91105
6105,0.90249
6110,0.90907
6115,0.91244
6120,0.90377
6125,0.89719
6130,0.89607
6135,0.88309
6140,0.88811
6145,0.90067
6150,0.89513
6155,0.89316
6160,0.87769
6165,0.87287
6170,0.88444
6175,0.89561
6180,0.91263
6185,0.92549
6190,0.91937
6195,0.93658
6200,0.94763
6205,0.95435
6210,0.93866
6215,0.91683
6220,0.91824
6225,0.92966
6230,0.91251
6235,0.90806
6240,0.89587
6245,0.88747
6250,0.8815
6255,0.87264
6260,0.88155
6265,0.90363
6270,0.90993
6275,0.9048
6280,0.88992
6285,0.89742
6290,0.90585
6295,0.88668
6300,0.87175
6305,0.87358
6310,0.87311
6315,0.84986
6320,0.8462
6325,0.86724
6330,0.85992
6335,0.84937
6340,0.84097
6345,0.83565
6350,0.83831
6355,0.83027
6360,0.81509
6365,0.82509
6370,0.84916
6375,0.86735
6380,0.86975
6385,0.87802
6390,0.88636
6395,0.89287
6400,0.90197
6405,0.90887
6410,0.91109
6415,0.91236
6420,0.91696
6425,0.93084
6430,0.92372
6435,0.9298
6440,0.93633
6445,0.93485
6450,0.92057
6455,0.92301
6460,0.92608
6465,0.9264
6470,0.93065
6475,0.92105
6480,0.9137
6485,0.90383
6490,0.89235
6495,0.87047
6500,0.88648
6505,0.90839
6510,0.91584
6515,0.9052
6520,0.90453
6525,0.89675
6530,0.8925
6535,0.893
6540,0.892
6545,0.8744
6550,0.84495
6555,0.81997
6560,0.77784
6565,0.77333
6570,0.81221
6575,0.82643
6580,0.83939
6585,0.83879
6590,0.8334
6595,0.83258
6600,0.84294
6605,0.85304
6610,0.85541
6615,0.86908
6620,0.87516
6625,0.87131
6630,0.86112
6635,0.86697
6640,0.8792
6645,0.88155
6650,0.89004
6655,0.90365
6660,0.89359
6665,0.88149
6670,0.88986
6675,0.89541
6680,0.9058
6685,0.9172
6690,0.92936
6695,0.91774
6700,0.91024
6705,0.90801
6710,0.90148
6715,0.88139
6720,0.88547
6725,0.90255
6730,0.89888
6735,0.889
6740,0.87596
6745,0.86516
6750,0.85546
6755,0.84981
6760,0.86197
6765,0.86397
6770,0.85767
6775,0.86217
6780,0.85864
6785,0.83894
6790,0.83624
6795,0.83378
6800,0.82746
6805,0.8177
6810,0.82421
6815,0.82283
6820,0.82214
6825,0.82334
6830,0.82555
6835,0.82417
6840,0.82169
6845,0.82175
6850,0.82432
6855,0.82897
6860,0.83473
6865,0.83696
6870,0.83611
6875,0.83791
6880,0.84454
6885,0.856
6890,0.87057
6895,0.88296
6900,0.89029
6905,0.89153
6910,0.89133
6915,0.89618
6920,0.903
6925,0.90438
6930,0.89188
6935,0.86401
6940,0.8523
6945,0.85751
6950,0.85813
6955,0.83024
6960,0.77925
6965,0.75993
6970,0.74916
6975,0.72234
6980,0.69017
6985,0.6796
6990,0.66027
6995,0.64096
7000,0.62046
7005,0.60937
7010,0.6024
7015,0.58953
7020,0.58909
7025,0.58805
7030,0.59722
7035,0.60586
7040,0.62367
7045,0.64426
7050,0.65697
7055,0.66935
7060,0.68555
7065,0.69808
7070,0.71162
7075,0.71549
7080,0.67648
7085,0.57938
7090,0.46286
7095,0.39932
7100,0.36787
7105,0.31269
7110,0.25015
7115,0.18856
7120,0.14919
7125,0.13477
7130,0.10413
7135,0.065275
7140,0.036139
7145,0.026191
7150,0.024278
7155,0.021767
7160,0.018973
7165,0.01523
7170,0.011631
7175,0.0088677
7180,0.0070356
7185,0.0051858
7190,0.0042879
7195,0.0043077
7200,0.0034451
7205,0.00256
