4960,0.00072498
4965,0.0018723
4970,0.0064783
4975,0.019695
4980,0.046332
4985,0.088654
4990,0.14165
4995,0.19734
5000,0.24835
5005,0.29177
5010,0.32754
5015,0.36114
5020,0.40171
5025,0.45549
5030,0.52212
5035,0.592
5040,0.64943
5045,0.68643
5050,0.70251
5055,0.70488
5060,0.70431
5065,0.70751
5070,0.71532
5075,0.72364
5080,0.72621
5085,0.72141
5090,0.71237
5095,0.70411
5100,0.69971
5105,0.69834
5110,0.70016
5115,0.7061
5120,0.71723
5125,0.73068
5130,0.7415
5135,0.7451
5140,0.74546
5145,0.74978
5150,0.7622
5155,0.77174
5160,0.75487
5165,0.69392
5170,0.59941
5175,0.51034
5180,0.46803
5185,0.48929
5190,0.55053
5195,0.60507
5200,0.62338
5205,0.61706
5210,0.62455
5215,0.67731
5220,0.77165
5225,0.8667
5230,0.92429
5235,0.93318
5240,0.91705
5245,0.90894
5250,0.9219
5255,0.94067
5260,0.9419
5265,0.926
5270,0.91169
5275,0.92675
5280,0.97621
5285,1.0395
5290,1.0843
5295,1.0985
5300,1.0903
5305,1.0777
5310,1.069
5315,1.0581
5320,1.0372
5325,1.0118
5330,0.99986
5335,1.0167
5340,1.0562
5345,1.0968
5350,1.1193
5355,1.1197
5360,1.1186
5365,1.1309
5370,1.1605
5375,1.1863
5380,1.1879
5385,1.1624
5390,1.1298
5395,1.1138
5400,1.1277
5405,1.1606
5410,1.1875
5415,1.1946
5420,1.1821
5425,1.172
5430,1.1781
5435,1.1985
5440,1.21
5445,1.1901
5450,1.1244
5455,1.0294
5460,0.93906
5465,0.88744
5470,0.88912
5475,0.93287
5480,0.99476
5485,1.0442
5490,1.0611
5495,1.0447
5500,1.004
5505,0.95539
5510,0.91176
5515,0.88082
5520,0.86512
5525,0.85794
5530,0.85349
5535,0.84376
5540,0.82952
5545,0.81653
5550,0.81579
5555,0.8407
5560,0.89663
5565,0.97531
5570,1.0578
5575,1.1141
5580,1.125
5585,1.084
5590,1.007
5595,0.92748
5600,0.87775
5605,0.87439
5610,0.9115
5615,0.95877
5620,0.98528
5625,0.97597
5630,0.94535
5635,0.9228
5640,0.93844
5645,0.99139
5650,1.0559
5655,1.0966
5660,1.0971
5665,1.0708
5670,1.0488
5675,1.0528
5680,1.0832
5685,1.1208
5690,1.1488
5695,1.1647
5700,1.1786
5705,1.1992
5710,1.2229
5715,1.2352
5720,1.2263
5725,1.2018
5730,1.1836
5735,1.1895
5740,1.2191
5745,1.2588
5750,1.2843
5755,1.2841
5760,1.2612
5765,1.2243
5770,1.1896
5775,1.1681
5780,1.1693
5785,1.1986
5790,1.249
5795,1.3018
5800,1.3281
5805,1.3073
5810,1.2417
5815,1.1547
5820,1.0865
5825,1.062
5830,1.0792
5835,1.1106
5840,1.1207
5845,1.0932
5850,1.0354
5855,0.97254
5860,0.92721
5865,0.89784
5870,0.8591
5875,0.78286
5880,0.66155
5885,0.52282
5890,0.41595
5895,0.38209
5900,0.42767
5905,0.52048
5910,0.60874
5915,0.65736
5920,0.66671
5925,0.66517
5930,0.68047
5935,0.72098
5940,0.76649
5945,0.79093
5950,0.78291
5955,0.75556
5960,0.73465
5965,0.73932
5970,0.76958
5975,0.81141
5980,0.85176
5985,0.88416
5990,0.91265
5995,0.93971
6000,0.96192
6005,0.97269
6010,0.97451
6015,0.97456
6020,0.98672
6025,1.0177
6030,1.0624
6035,1.1061
6040,1.1377
6045,1.1549
6050,1.1595
6055,1.1581
6060,1.1569
6065,1.1541
6070,1.1477
6075,1.1416
6080,1.1373
6085,1.1405
6090,1.1525
6095,1.1665
6100,1.1763
6105,1.1755
6110,1.1635
6115,1.1482
6120,1.1452
6125,1.1658
6130,1.2106
6135,1.2588
6140,1.2801
6145,1.2445
6150,1.1486
6155,1.0155
6160,0.88682
6165,0.79775
6170,0.75651
6175,0.7453
6180,0.73883
6185,0.72246
6190,0.69881
6195,0.68121
6200,0.67828
6205,0.68121
6210,0.67549
6215,0.65279
6220,0.62115
6225,0.59616
6230,0.59267
6235,0.61029
6240,0.63868
6245,0.66616
6250,0.68821
6255,0.70981
6260,0.73731
6265,0.77
6270,0.80253
6275,0.82955
6280,0.85103
6285,0.87192
6290,0.90074
6295,0.94019
6300,0.98849
6305,1.0368
6310,1.0824
6315,1.1217
6320,1.1595
6325,1.2009
6330,1.2483
6335,1.2989
6340,1.3418
6345,1.3676
6350,1.3696
6355,1.3488
6360,1.3126
6365,1.2717
6370,1.2328
6375,1.2062
6380,1.1982
6385,1.2232
6390,1.2894
6395,1.3912
6400,1.5074
6405,1.6065
6410,1.6656
6415,1.683
6420,1.6769
6425,1.6776
6430,1.7004
6435,1.7469
6440,1.8006
6445,1.8422
6450,1.8668
6455,1.8818
6460,1.9025
6465,1.9319
6470,1.9635
6475,1.9774
6480,1.9684
6485,1.9425
6490,1.9256
6495,1.9447
6500,2.0107
6505,2.1174
6510,2.2324
6515,2.3205
6520,2.3669
6525,2.3726
6530,2.3637
6535,2.3534
6540,2.3417
6545,2.315
6550,2.2557
6555,2.17
6560,2.0689
6565,1.9834
6570,1.9385
6575,1.9416
6580,1.9758
6585,2.02
6590,2.0502
6595,2.0524
6600,2.0226
6605,1.9734
6610,1.9138
6615,1.8595
6620,1.8207
6625,1.8052
6630,1.8052
6635,1.7984
6640,1.7712
6645,1.7246
6650,1.6807
6655,1.6633
6660,1.6798
6665,1.7073
6670,1.7041
6675,1.65
6680,1.563
6685,1.4879
6690,1.4724
6695,1.5168
6700,1.5733
6705,1.5814
6710,1.5083
6715,1.3832
6720,1.2768
6725,1.2464
6730,1.2945
6735,1.3688
6740,1.4107
6745,1.3982
6750,1.3559
6755,1.3308
6760,1.3454
6765,1.3875
6770,1.4148
6775,1.3934
6780,1.3314
6785,1.2642
6790,1.228
6795,1.2293
6800,1.25
6805,1.2591
6810,1.2489
6815,1.2363
6820,1.2436
6825,1.2816
6830,1.3298
6835,1.3572
6840,1.3461
6845,1.3078
6850,1.2742
6855,1.2786
6860,1.3338
6865,1.4147
6870,1.482
6875,1.5103
6880,1.4997
6885,1.4789
6890,1.49
6895,1.5547
6900,1.6615
6905,1.7679
6910,1.8367
6915,1.8641
6920,1.8707
6925,1.8974
6930,1.9638
6935,2.05
6940,2.1727
6945,2.2815
6950,2.2966
6955,2.1849
6960,2.0309
6965,2.0188
6970,2.0797
6975,2.1235
6980,2.1093
6985,2.0424
6990,1.96
6995,1.9078
7000,1.898
7005,1.9153
7010,1.9313
7015,1.9337
7020,1.9433
7025,2.0079
7030,2.1369
7035,2.307
7040,2.4352
7045,2.4415
7050,2.3107
7055,2.1114
7060,1.9505
7065,1.9085
7070,1.9728
7075,2.0155
7080,1.8852
7085,1.5409
7090,1.1336
7095,0.91959
7100,0.85356
7105,0.77552
7110,0.64981
7115,0.48878
7120,0.3585
7125,0.28626
7130,0.19654
7135,0.11536
7140,0.066182
7145,0.05177
7150,0.051512
7155,0.04729
7160,0.041503
7165,0.033472
7170,0.025913
7175,0.02064
7180,0.017284
7185,0.013453
7190,0.011376
7195,0.011273
7200,0.0088409
7205,0.0065706
