4960,0.00027729
4965,-6.3633e-05
4970,0.004133
4975,0.014536
4980,0.049668
4985,0.15048
4990,0.20941
4995,0.14276
5000,0.065435
5005,0.063556
5010,0.105
5015,0.064701
5020,0.29638
5025,0.99488
5030,1.1451
5035,0.58122
5040,0.29849
5045,0.25111
5050,0.20327
5055,0.31124
5060,0.5918
5065,0.89611
5070,0.91343
5075,0.63064
5080,0.40326
5085,0.80282
5090,1.5929
5095,1.268
5100,0.63821
5105,1.1655
5110,1.9116
5115,2.0872
5120,1.6379
5125,1.2099
5130,1.2294
5135,1.3077
5140,1.3391
5145,1.4733
5150,1.2899
5155,0.99814
5160,1.9255
5165,2.5593
5170,1.1201
5175,0.063829
5180,0.17975
5185,0.155
5190,0.36669
5195,0.96198
5200,0.80227
5205,0.4207
5210,1.2459
5215,1.7427
5220,0.98553
5225,0.60111
5230,0.77863
5235,0.84463
5240,0.79055
5245,0.73093
5250,0.67964
5255,0.89484
5260,1.4517
5265,1.4849
5270,1.1469
5275,1.3808
5280,1.3072
5285,0.7179
5290,1.2077
5295,2.166
5300,2.1527
5305,1.571
5310,0.84379
5315,0.25806
5320,1.1562
5325,3.0587
5330,2.334
5335,0.38725
5340,0.2289
5345,0.48715
5350,0.43275
5355,0.61203
5360,0.76651
5365,0.63546
5370,0.44427
5375,0.4006
5380,0.61756
5385,1.0252
5390,1.3909
5395,1.3428
5400,1.0984
5405,1.057
5410,1.1173
5415,1.1183
5420,0.98141
5425,0.95458
5430,1.1869
5435,1.4597
5440,1.585
5445,1.4523
5450,0.94226
5455,0.27457
5460,0.15601
5465,0.39904
5470,0.5392
5475,0.96392
5480,1.4932
5485,1.4222
5490,1.1975
5495,1.2362
5500,0.81917
5505,0.30338
5510,0.90645
5515,1.7556
5520,1.8669
5525,1.2842
5530,0.66634
5535,0.83343
5540,1.3058
5545,1.4342
5550,1.0632
5555,0.59279
5560,0.49073
5565,0.56359
5570,0.65992
5575,0.78338
5580,0.9167
5585,0.9767
5590,0.81941
5595,0.57781
5600,0.45604
5605,0.39424
5610,0.34587
5615,0.32182
5620,0.32674
5625,0.35317
5630,0.3775
5635,0.34382
5640,0.27548
5645,0.46157
5650,0.80624
5655,0.85998
5660,0.67622
5665,0.4796
5670,0.45913
5675,0.57015
5680,0.60561
5685,0.71283
5690,0.93305
5695,0.93459
5700,0.75808
5705,0.72745
5710,0.74714
5715,0.73099
5720,0.8441
5725,1.0661
5730,1.2129
5735,1.1301
5740,0.85591
5745,0.74565
5750,0.88477
5755,1.0519
5760,0.95429
5765,0.61127
5770,0.54544
5775,0.64774
5780,0.60045
5785,0.63222
5790,0.78096
5795,0.85283
5800,0.95247
5805,1.0962
5810,1.0077
5815,0.75745
5820,0.60893
5825,0.70308
5830,0.86124
5835,0.71708
5840,0.50595
5845,0.52738
5850,0.79296
5855,0.89616
5860,0.52183
5865,0.28193
5870,0.33848
5875,0.31449
5880,0.27363
5885,0.31356
5890,0.33283
5895,0.31263
5900,0.2818
5905,0.23461
5910,0.19075
5915,0.20036
5920,0.21084
5925,0.1693
5930,0.19642
5935,0.2899
5940,0.31718
5945,0.2879
5950,0.25611
5955,0.264
5960,0.31075
5965,0.36082
5970,0.35497
5975,0.35338
5980,0.49329
5985,0.65235
5990,0.68281
5995,0.55921
6000,0.42947
6005,0.45097
6010,0.52866
6015,0.59228
6020,0.6396
6025,0.62709
6030,0.58067
6035,0.65981
6040,0.84822
6045,0.98264
6050,1.0557
6055,1.0759
6060,1.005
6065,1.0079
6070,1.2123
6075,1.2755
6080,1.1352
6085,1.2213
6090,1.3569
6095,1.2315
6100,1.2657
6105,1.4692
6110,1.2869
6115,1.1013
6120,1.4238
6125,1.4736
6130,1.1188
6135,1.3102
6140,1.6114
6145,1.1765
6150,0.75878
6155,0.80482
6160,0.71645
6165,0.49884
6170,0.43184
6175,0.37043
6180,0.25802
6185,0.19818
6190,0.26079
6195,0.39617
6200,0.46146
6205,0.4052
6210,0.27673
6215,0.22163
6220,0.22737
6225,0.21618
6230,0.22537
6235,0.27296
6240,0.31201
6245,0.33826
6250,0.35857
6255,0.33304
6260,0.30937
6265,0.38977
6270,0.46164
6275,0.45394
6280,0.47697
6285,0.52534
6290,0.5424
6295,0.58057
6300,0.68865
6305,0.84888
6310,0.97656
6315,0.98244
6320,0.89049
6325,0.82037
6330,0.96065
6335,1.0738
6340,0.88786
6345,0.76597
6350,0.91768
6355,1.1529
6360,1.1548
6365,0.8845
6370,1.2378
6375,1.9779
6380,1.8688
6385,1.5026
6390,1.4772
6395,1.3203
6400,1.3572
6405,2.3942
6410,3.0258
6415,2.3219
6420,1.4621
6425,1.1866
6430,1.6339
6435,2.2475
6440,2.5299
6445,2.3944
6450,2.3536
6455,2.7643
6460,2.5973
6465,2.1123
6470,2.8037
6475,3.6628
6480,3.2992
6485,2.5396
6490,2.2378
6495,2.6747
6500,3.173
6505,3.2504
6510,3.2061
6515,2.8998
6520,2.437
6525,3.4026
6530,5.1582
6535,5.1452
6540,3.8084
6545,2.536
6550,2.4077
6555,2.7717
6560,1.8868
6565,1.113
6570,1.4507
6575,1.6213
6580,1.5204
6585,1.5764
6590,1.3675
6595,0.96889
6600,0.98555
6605,1.3255
6610,1.6105
6615,1.4633
6620,1.1227
6625,1.008
6630,0.96559
6635,0.99215
6640,1.2373
6645,1.2358
6650,0.84986
6655,0.78046
6660,0.87633
6665,0.7178
6670,0.75087
6675,0.97575
6680,0.9127
6685,0.82902
6690,0.95731
6695,1.0345
6700,0.95938
6705,0.82746
6710,0.90674
6715,1.0438
6720,0.95955
6725,0.90788
6730,0.95269
6735,0.92463
6740,0.95372
6745,1.0649
6750,0.9793
6755,0.84568
6760,0.9832
6765,1.4251
6770,1.8235
6775,1.6542
6780,1.1709
6785,0.8021
6790,0.78767
6795,0.95663
6800,0.91358
6805,1.0427
6810,1.5644
6815,1.9957
6820,2.0558
6825,1.7596
6830,1.4882
6835,1.4764
6840,1.7061
6845,1.8222
6850,1.5882
6855,1.6764
6860,2.052
6865,2.0574
6870,2.5599
6875,4.0053
6880,4.025
6885,2.6714
6890,2.5299
6895,3.34
6900,3.9408
6905,3.6224
6910,2.8873
6915,3.1183
6920,3.828
6925,4.1204
6930,4.327
6935,4.7122
6940,5.3341
6945,5.4505
6950,4.5537
6955,4.4993
6960,5.449
6965,5.016
6970,4.1909
6975,4.8371
6980,5.1007
6985,4.4464
6990,3.9957
6995,4.0843
7000,4.2526
7005,3.8688
7010,3.9388
7015,4.6712
7020,4.3692
7025,3.7777
7030,4.1999
7035,4.2601
7040,3.7843
7045,4.0597
7050,4.3417
7055,3.6874
7060,2.254
7065,1.2918
7070,1.9018
7075,2.7236
7080,2.6835
7085,1.8158
7090,1.0371
7095,0.92999
7100,1.035
7105,1.0406
7110,0.99819
7115,0.83425
7120,0.58991
7125,0.36729
7130,0.14252
7135,0.065351
7140,0.042849
7145,0.018156
7150,0.030031
7155,0.077439
7160,0.076741
7165,0.035234
7170,0.019244
7175,0.021335
7180,0.022235
7185,0.016709
7190,0.011581
7195,0.01027
7200,0.0099745
7205,0.0091006
