4960,0.0015422
4965,0.004593
4970,0.016813
4975,0.048488
4980,0.10439
4985,0.18492
4990,0.28784
4995,0.4081
5000,0.53178
5005,0.66038
5010,0.78837
5015,0.90115
5020,1.0163
5025,1.1173
5030,1.1897
5035,1.2364
5040,1.2618
5045,1.2528
5050,1.2526
5055,1.2658
5060,1.2648
5065,1.2703
5070,1.2733
5075,1.2694
5080,1.2668
5085,1.2567
5090,1.254
5095,1.2537
5100,1.2612
5105,1.2638
5110,1.2582
5115,1.256
5120,1.2502
5125,1.2496
5130,1.2429
5135,1.2475
5140,1.2469
5145,1.229
5150,1.224
5155,1.2108
5160,1.2061
5165,1.205
5170,1.1989
5175,1.1978
5180,1.1936
5185,1.1783
5190,1.1674
5195,1.1656
5200,1.1545
5205,1.1394
5210,1.1338
5215,1.1241
5220,1.1222
5225,1.1246
5230,1.1183
5235,1.1197
5240,1.1231
5245,1.1223
5250,1.1155
5255,1.1157
5260,1.1212
5265,1.115
5270,1.1118
5275,1.1128
5280,1.1192
5285,1.1212
5290,1.1225
5295,1.1312
5300,1.1379
5305,1.1253
5310,1.1183
5315,1.1151
5320,1.1131
5325,1.1129
5330,1.1005
5335,1.0898
5340,1.0799
5345,1.0753
5350,1.0716
5355,1.0578
5360,1.0443
5365,1.0351
5370,1.0275
5375,1.0186
5380,1.017
5385,1.0107
5390,1.0041
5395,0.99779
5400,0.99283
5405,0.97874
5410,0.95574
5415,0.96216
5420,0.97933
5425,0.98303
5430,0.98943
5435,0.99152
5440,0.99544
5445,0.99804
5450,1.0007
5455,1.0071
5460,1.017
5465,1.0194
5470,1.0199
5475,1.0208
5480,1.013
5485,1.0045
5490,0.99874
5495,1.0035
5500,1.0063
5505,0.99642
5510,0.98865
5515,0.97771
5520,0.96957
5525,0.95749
5530,0.94808
5535,0.93481
5540,0.92492
5545,0.92483
5550,0.92836
5555,0.92817
5560,0.921
5565,0.91609
5570,0.91601
5575,0.91876
5580,0.9056
5585,0.88875
5590,0.87891
5595,0.87895
5600,0.87311
5605,0.87357
5610,0.8717
5615,0.86825
5620,0.86865
5625,0.87162
5630,0.86684
5635,0.87034
5640,0.87724
5645,0.87548
5650,0.87585
5655,0.87398
5660,0.87799
5665,0.87599
5670,0.87358
5675,0.87335
5680,0.87319
5685,0.87359
5690,0.87343
5695,0.86501
5700,0.85555
5705,0.84933
5710,0.85468
5715,0.84956
5720,0.84179
5725,0.84352
5730,0.83537
5735,0.82812
5740,0.81761
5745,0.81613
5750,0.81846
5755,0.81618
5760,0.8064
5765,0.79617
5770,0.78515
5775,0.76838
5780,0.74765
5785,0.75902
5790,0.76816
5795,0.75864
5800,0.75356
5805,0.76147
5810,0.76481
5815,0.76507
5820,0.76854
5825,0.77073
5830,0.76801
5835,0.765
5840,0.76051
5845,0.75101
5850,0.75524
5855,0.75396
5860,0.75924
5865,0.75212
5870,0.72057
5875,0.68867
5880,0.70806
5885,0.6966
5890,0.65795
5895,0.6675
5900,0.69986
5905,0.72371
5910,0.72025
5915,0.71534
5920,0.70614
5925,0.71341
5930,0.71681
5935,0.70149
5940,0.70035
5945,0.69015
5950,0.69584
5955,0.69609
5960,0.69208
5965,0.68238
5970,0.6836
5975,0.68796
5980,0.68923
5985,0.68607
5990,0.68644
5995,0.68688
6000,0.68404
6005,0.67734
6010,0.67557
6015,0.67456
6020,0.67551
6025,0.6715
6030,0.668
6035,0.66449
6040,0.65801
6045,0.66705
6050,0.66607
6055,0.66317
6060,0.65633
6065,0.64996
6070,0.64848
6075,0.64566
6080,0.64554
6085,0.64122
6090,0.64092
6095,0.63448
6100,0.63144
6105,0.62607
6110,0.62225
6115,0.62186
6120,0.61901
6125,0.6176
6130,0.61469
6135,0.60982
6140,0.60917
6145,0.60825
6150,0.60863
6155,0.60642
6160,0.60612
6165,0.60305
6170,0.59878
6175,0.59755
6180,0.60127
6185,0.60335
6190,0.60349
6195,0.60351
6200,0.59814
6205,0.59876
6210,0.6031
6215,0.60452
6220,0.60729
6225,0.6067
6230,0.60433
6235,0.59877
6240,0.59381
6245,0.59289
6250,0.59046
6255,0.58488
6260,0.57547
6265,0.56808
6270,0.56412
6275,0.55104
6280,0.52767
6285,0.53097
6290,0.54778
6295,0.54995
6300,0.54465
6305,0.538
6310,0.53016
6315,0.5271
6320,0.52826
6325,0.52795
6330,0.52462
6335,0.51954
6340,0.51521
6345,0.5073
6350,0.50511
6355,0.50243
6360,0.50093
6365,0.49874
6370,0.49801
6375,0.49943
6380,0.49984
6385,0.50488
6390,0.51202
6395,0.51941
6400,0.52665
6405,0.52884
6410,0.52903
6415,0.52987
6420,0.52336
6425,0.52647
6430,0.52948
6435,0.53089
6440,0.53402
6445,0.53099
6450,0.52757
6455,0.52892
6460,0.52924
6465,0.53125
6470,0.52709
6475,0.51961
6480,0.52003
6485,0.5172
6490,0.51137
6495,0.51186
6500,0.51449
6505,0.50991
6510,0.50969
6515,0.50301
6520,0.4992
6525,0.49219
6530,0.48635
6535,0.4832
6540,0.48024
6545,0.47148
6550,0.4532
6555,0.42916
6560,0.3965
6565,0.39219
6570,0.42647
6575,0.44897
6580,0.45662
6585,0.45582
6590,0.4543
6595,0.45611
6600,0.45802
6605,0.46127
6610,0.45621
6615,0.45473
6620,0.45578
6625,0.45823
6630,0.45544
6635,0.45552
6640,0.4575
6645,0.4593
6650,0.46013
6655,0.46244
6660,0.46462
6665,0.46449
6670,0.46061
6675,0.44416
6680,0.43502
6685,0.45449
6690,0.46102
6695,0.46005
6700,0.45769
6705,0.4596
6710,0.45887
6715,0.45514
6720,0.45564
6725,0.45213
6730,0.44696
6735,0.44096
6740,0.43741
6745,0.43348
6750,0.43194
6755,0.42856
6760,0.42198
6765,0.42197
6770,0.41847
6775,0.41583
6780,0.41218
6785,0.40772
6790,0.40446
6795,0.40232
6800,0.39976
6805,0.39822
6810,0.39626
6815,0.39411
6820,0.39372
6825,0.39238
6830,0.39106
6835,0.38851
6840,0.39374
6845,0.3942
6850,0.39466
6855,0.39511
6860,0.39647
6865,0.39782
6870,0.39915
6875,0.40138
6880,0.40405
6885,0.4067
6890,0.40979
6895,0.41285
6900,0.4159
6905,0.41803
6910,0.41971
6915,0.42226
6920,0.4239
6925,0.42288
6930,0.41656
6935,0.40455
6940,0.40049
6945,0.40346
6950,0.40248
6955,0.38667
6960,0.3605
6965,0.3505
6970,0.34575
6975,0.33705
6980,0.32795
6985,0.315
6990,0.30094
6995,0.29344
7000,0.28731
7005,0.28019
7010,0.27656
7015,0.27368
7020,0.27234
7025,0.27048
7030,0.27382
7035,0.27791
7040,0.27994
7045,0.28721
7050,0.29339
7055,0.29897
7060,0.29976
7065,0.29348
7070,0.30387
7075,0.3119
7080,0.29478
7085,0.25514
7090,0.20528
7095,0.17854
7100,0.16391
7105,0.13897
7110,0.11092
7115,0.083998
7120,0.066552
7125,0.060108
7130,0.046754
7135,0.029011
7140,0.015877
7145,0.0115
7150,0.010794
7155,0.0095744
7160,0.0082414
7165,0.0065702
7170,0.0049229
7175,0.0037123
7180,0.0029721
7185,0.0021966
7190,0.0018307
7195,0.0018456
7200,0.0014752
7205,0.001114
