4960,0.0012468
4965,0.0037591
4970,0.013756
4975,0.039807
4980,0.084136
4985,0.14927
4990,0.23444
4995,0.33006
5000,0.43317
5005,0.5345
5010,0.63623
5015,0.72597
5020,0.81451
5025,0.91095
5030,0.98895
5035,1.0253
5040,1.0308
5045,1.0474
5050,1.0597
5055,1.074
5060,1.095
5065,1.0867
5070,1.0661
5075,1.0541
5080,1.047
5085,1.058
5090,1.0801
5095,1.0833
5100,1.0728
5105,1.0822
5110,1.0837
5115,1.0916
5120,1.0905
5125,1.0782
5130,1.0626
5135,1.0545
5140,1.0529
5145,1.0628
5150,1.0644
5155,1.0576
5160,1.0506
5165,1.0076
5170,0.97496
5175,0.99998
5180,1.0175
5185,0.99944
5190,0.98083
5195,0.97998
5200,0.98498
5205,0.97661
5210,0.98527
5215,0.99786
5220,0.99655
5225,0.97025
5230,0.96203
5235,0.97176
5240,0.98935
5245,1.006
5250,1.0128
5255,1.0074
5260,0.98858
5265,0.9516
5270,0.93898
5275,0.9558
5280,0.98274
5285,1.01
5290,1.0389
5295,1.04
5300,1.0354
5305,1.0369
5310,1.0327
5315,1.0243
5320,1.0153
5325,0.99291
5330,0.98203
5335,0.9777
5340,0.97385
5345,0.98308
5350,0.99055
5355,0.99425
5360,0.98425
5365,0.95878
5370,0.94151
5375,0.94583
5380,0.94903
5385,0.95481
5390,0.95136
5395,0.93358
5400,0.92358
5405,0.91398
5410,0.91517
5415,0.92443
5420,0.93244
5425,0.93579
5430,0.93318
5435,0.94424
5440,0.9683
5445,0.97228
5450,0.98456
5455,0.99094
5460,0.99563
5465,0.99545
5470,0.9966
5475,0.99177
5480,0.99176
5485,0.99727
5490,0.99319
5495,0.99076
5500,0.98953
5505,0.97585
5510,0.96491
5515,0.969
5520,0.97351
5525,0.9505
5530,0.93685
5535,0.93768
5540,0.94119
5545,0.9396
5550,0.94134
5555,0.93316
5560,0.92035
5565,0.91852
5570,0.91572
5575,0.91614
5580,0.90675
5585,0.88909
5590,0.8714
5595,0.86775
5600,0.8658
5605,0.87993
5610,0.88989
5615,0.87971
5620,0.87906
5625,0.88632
5630,0.89627
5635,0.9001
5640,0.9028
5645,0.90514
5650,0.91234
5655,0.902
5660,0.89241
5665,0.89558
5670,0.9032
5675,0.91409
5680,0.91154
5685,0.90433
5690,0.90777
5695,0.91171
5700,0.9093
5705,0.89943
5710,0.88924
5715,0.89118
5720,0.8929
5725,0.90343
5730,0.90361
5735,0.89538
5740,0.88898
5745,0.88279
5750,0.87307
5755,0.86206
5760,0.85852
5765,0.85955
5770,0.86405
5775,0.8609
5780,0.85182
5785,0.84694
5790,0.84773
5795,0.84441
5800,0.84668
5805,0.84852
5810,0.85013
5815,0.85312
5820,0.85438
5825,0.85441
5830,0.85093
5835,0.84635
5840,0.84547
5845,0.84613
5850,0.84503
5855,0.83307
5860,0.8341
5865,0.84303
5870,0.84659
5875,0.84322
5880,0.83018
5885,0.80944
5890,0.78649
5895,0.78725
5900,0.8038
5905,0.81694
5910,0.81301
5915,0.80912
5920,0.81165
5925,0.80625
5930,0.79707
5935,0.79863
5940,0.80146
5945,0.79207
5950,0.78671
5955,0.78779
5960,0.79298
5965,0.79491
5970,0.79602
5975,0.79041
5980,0.79626
5985,0.79355
5990,0.79067
5995,0.79715
6000,0.79152
6005,0.78166
6010,0.7787
6015,0.77531
6020,0.77554
6025,0.77611
6030,0.7835
6035,0.78825
6040,0.77914
6045,0.77703
6050,0.77501
6055,0.77116
6060,0.77011
6065,0.76816
6070,0.76682
6075,0.76115
6080,0.75842
6085,0.75683
6090,0.75352
6095,0.74697
6100,0.74065
6105,0.74162
6110,0.7433
6115,0.73891
6120,0.7295
6125,0.7298
6130,0.73113
6135,0.72044
6140,0.71611
6145,0.71765
6150,0.72039
6155,0.72008
6160,0.71497
6165,0.71748
6170,0.72273
6175,0.73087
6180,0.73929
6185,0.74022
6190,0.73835
6195,0.74543
6200,0.75084
6205,0.751
6210,0.74627
6215,0.74221
6220,0.74076
6225,0.73909
6230,0.73337
6235,0.72491
6240,0.71976
6245,0.71397
6250,0.71293
6255,0.71307
6260,0.71459
6265,0.71393
6270,0.71041
6275,0.69725
6280,0.68425
6285,0.69283
6290,0.69635
6295,0.69057
6300,0.67869
6305,0.67731
6310,0.67582
6315,0.6684
6320,0.66157
6325,0.66267
6330,0.65816
6335,0.6502
6340,0.6451
6345,0.63381
6350,0.63366
6355,0.63692
6360,0.63652
6365,0.6344
6370,0.63295
6375,0.63935
6380,0.64231
6385,0.64965
6390,0.65504
6395,0.65875
6400,0.66677
6405,0.67011
6410,0.67189
6415,0.67124
6420,0.6741
6425,0.67692
6430,0.67374
6435,0.67746
6440,0.68132
6445,0.6835
6450,0.67981
6455,0.66999
6460,0.667
6465,0.6722
6470,0.67534
6475,0.67443
6480,0.67167
6485,0.66433
6490,0.64993
6495,0.644
6500,0.65567
6505,0.66157
6510,0.66108
6515,0.65223
6520,0.64842
6525,0.64077
6530,0.63084
6535,0.62114
6540,0.6101
6545,0.58863
6550,0.54884
6555,0.48799
6560,0.41974
6565,0.43834
6570,0.50298
6575,0.54251
6580,0.56495
6585,0.5745
6590,0.57957
6595,0.58763
6600,0.59738
6605,0.60239
6610,0.60763
6615,0.61052
6620,0.60943
6625,0.61224
6630,0.61064
6635,0.60975
6640,0.6124
6645,0.6136
6650,0.61902
6655,0.62117
6660,0.62139
6665,0.62407
6670,0.62935
6675,0.62758
6680,0.62431
6685,0.62629
6690,0.62816
6695,0.6281
6700,0.62397
6705,0.62465
6710,0.62699
6715,0.62025
6720,0.61481
6725,0.61404
6730,0.61176
6735,0.6071
6740,0.60145
6745,0.59447
6750,0.58698
6755,0.58335
6760,0.58199
6765,0.58169
6770,0.5778
6775,0.57473
6780,0.56934
6785,0.56298
6790,0.55944
6795,0.55508
6800,0.55273
6805,0.54847
6810,0.54771
6815,0.5486
6820,0.54741
6825,0.54515
6830,0.54332
6835,0.54135
6840,0.54237
6845,0.54212
6850,0.54341
6855,0.54596
6860,0.55
6865,0.55294
6870,0.55406
6875,0.55521
6880,0.557
6885,0.56006
6890,0.56529
6895,0.57143
6900,0.57738
6905,0.5812
6910,0.58363
6915,0.58726
6920,0.59019
6925,0.58995
6930,0.5824
6935,0.56641
6940,0.56109
6945,0.56549
6950,0.56437
6955,0.54262
6960,0.50631
6965,0.4926
6970,0.48582
6975,0.47598
6980,0.45871
6985,0.44469
6990,0.42844
6995,0.41722
7000,0.40529
7005,0.39455
7010,0.39042
7015,0.38702
7020,0.38731
7025,0.38669
7030,0.38778
7035,0.38977
7040,0.3949
7045,0.4029
7050,0.41424
7055,0.42709
7060,0.43711
7065,0.44521
7070,0.45223
7075,0.449
7080,0.42439
7085,0.36977
7090,0.29721
7095,0.25792
7100,0.23586
7105,0.20069
7110,0.15838
7115,0.11842
7120,0.093967
7125,0.086104
7130,0.067363
7135,0.042027
7140,0.023331
7145,0.016742
7150,0.015611
7155,0.01399
7160,0.012148
7165,0.0096389
7170,0.007254
7175,0.0055159
7180,0.0043695
7185,0.0032183
7190,0.0026919
7195,0.0027186
7200,0.0021774
7205,0.0016485
