4960,0.0010678
4965,0.003276
4970,0.012017
4975,0.034631
4980,0.071757
4985,0.12727
4990,0.20471
4995,0.28968
5000,0.37402
5005,0.45501
5010,0.54235
5015,0.61914
5020,0.70259
5025,0.79561
5030,0.86864
5035,0.89149
5040,0.88321
5045,0.90961
5050,0.93007
5055,0.94861
5060,0.96433
5065,0.94732
5070,0.93489
5075,0.92183
5080,0.91357
5085,0.94207
5090,0.97
5095,0.95397
5100,0.94036
5105,0.94355
5110,0.95395
5115,0.97626
5120,0.96715
5125,0.94093
5130,0.93811
5135,0.93255
5140,0.91493
5145,0.92112
5150,0.93709
5155,0.9481
5160,0.92619
5165,0.81853
5170,0.75338
5175,0.81129
5180,0.83153
5185,0.82359
5190,0.86438
5195,0.88845
5200,0.9033
5205,0.88448
5210,0.8854
5215,0.90559
5220,0.91075
5225,0.87917
5230,0.87021
5235,0.90597
5240,0.94667
5245,0.94672
5250,0.93385
5255,0.9398
5260,0.917
5265,0.84665
5270,0.8379
5275,0.89234
5280,0.93315
5285,0.96933
5290,0.99411
5295,0.97425
5300,0.96039
5305,0.99356
5310,1.0165
5315,1.0057
5320,0.97164
5325,0.92082
5330,0.92124
5335,0.94937
5340,0.94271
5345,0.94229
5350,0.9521
5355,0.97008
5360,0.96274
5365,0.91952
5370,0.89939
5375,0.92056
5380,0.93619
5385,0.93189
5390,0.9165
5395,0.89605
5400,0.8823
5405,0.87009
5410,0.88206
5415,0.90569
5420,0.91334
5425,0.91081
5430,0.90817
5435,0.93105
5440,0.96424
5445,0.95739
5450,0.96259
5455,0.97087
5460,0.97972
5465,0.98693
5470,0.99028
5475,0.97217
5480,0.96776
5485,0.98453
5490,0.98983
5495,0.99052
5500,0.98426
5505,0.96982
5510,0.96232
5515,0.96681
5520,0.97236
5525,0.94889
5530,0.93286
5535,0.9378
5540,0.94142
5545,0.94619
5550,0.955
5555,0.94392
5560,0.928
5565,0.91799
5570,0.90494
5575,0.91262
5580,0.9169
5585,0.88551
5590,0.86291
5595,0.86997
5600,0.87338
5605,0.89268
5610,0.91276
5615,0.88791
5620,0.88321
5625,0.90055
5630,0.91662
5635,0.9181
5640,0.91927
5645,0.93033
5650,0.93839
5655,0.92115
5660,0.91006
5665,0.92496
5670,0.9442
5675,0.95123
5680,0.9426
5685,0.93097
5690,0.93859
5695,0.94872
5700,0.94113
5705,0.91883
5710,0.90222
5715,0.92384
5720,0.94988
5725,0.95844
5730,0.95413
5735,0.95092
5740,0.9467
5745,0.93698
5750,0.92389
5755,0.91338
5760,0.91381
5765,0.919
5770,0.92523
5775,0.91687
5780,0.89776
5785,0.89249
5790,0.90126
5795,0.90822
5800,0.91404
5805,0.91405
5810,0.9124
5815,0.91581
5820,0.92165
5825,0.92443
5830,0.92616
5835,0.92628
5840,0.93044
5845,0.92488
5850,0.91229
5855,0.89525
5860,0.89428
5865,0.90601
5870,0.91784
5875,0.92012
5880,0.90676
5885,0.86525
5890,0.81305
5895,0.81563
5900,0.86141
5905,0.8889
5910,0.88656
5915,0.8823
5920,0.88361
5925,0.87912
5930,0.87306
5935,0.88034
5940,0.8814
5945,0.87396
5950,0.86682
5955,0.87359
5960,0.87946
5965,0.88111
5970,0.88058
5975,0.87355
5980,0.87062
5985,0.86533
5990,0.87021
5995,0.87761
6000,0.87379
6005,0.8642
6010,0.86222
6015,0.8569
6020,0.85049
6025,0.85681
6030,0.87009
6035,0.87648
6040,0.87349
6045,0.87564
6050,0.87341
6055,0.86888
6060,0.86487
6065,0.86419
6070,0.86855
6075,0.86177
6080,0.84673
6085,0.84406
6090,0.84137
6095,0.83681
6100,0.82762
6105,0.83018
6110,0.83842
6115,0.83084
6120,0.82015
6125,0.82393
6130,0.82462
6135,0.80728
6140,0.80702
6145,0.82055
6150,0.82577
6155,0.81853
6160,0.79846
6165,0.79477
6170,0.80946
6175,0.82871
6180,0.84182
6185,0.84135
6190,0.83444
6195,0.84371
6200,0.85705
6205,0.86101
6210,0.85404
6215,0.84403
6220,0.84307
6225,0.84455
6230,0.83394
6235,0.83207
6240,0.8319
6245,0.82393
6250,0.81913
6255,0.80879
6260,0.81308
6265,0.81839
6270,0.82328
6275,0.81104
6280,0.79728
6285,0.81019
6290,0.8121
6295,0.79991
6300,0.78529
6305,0.78693
6310,0.78536
6315,0.76915
6320,0.76564
6325,0.77223
6330,0.7692
6335,0.75409
6340,0.74818
6345,0.75192
6350,0.75301
6355,0.74428
6360,0.73384
6365,0.73769
6370,0.74977
6375,0.75629
6380,0.75808
6385,0.76609
6390,0.7739
6395,0.77623
6400,0.78365
6405,0.79117
6410,0.79206
6415,0.79667
6420,0.7987
6425,0.80753
6430,0.80836
6435,0.80692
6440,0.81116
6445,0.81766
6450,0.81249
6455,0.81057
6460,0.80743
6465,0.80873
6470,0.81394
6475,0.81394
6480,0.81328
6485,0.81127
6490,0.7951
6495,0.77206
6500,0.78676
6505,0.80439
6510,0.80862
6515,0.79713
6520,0.79136
6525,0.78913
6530,0.78535
6535,0.77842
6540,0.76674
6545,0.7515
6550,0.73096
6555,0.6868
6560,0.60861
6565,0.62518
6570,0.69261
6575,0.72314
6580,0.73344
6585,0.73222
6590,0.72742
6595,0.72859
6600,0.73882
6605,0.73665
6610,0.73836
6615,0.74536
6620,0.74981
6625,0.74885
6630,0.74347
6635,0.74344
6640,0.75017
6645,0.7542
6650,0.76219
6655,0.76642
6660,0.76475
6665,0.76612
6670,0.77168
6675,0.76734
6680,0.76756
6685,0.77335
6690,0.77418
6695,0.76968
6700,0.76742
6705,0.76823
6710,0.76735
6715,0.75886
6720,0.75572
6725,0.75778
6730,0.75646
6735,0.75167
6740,0.74415
6745,0.73713
6750,0.7314
6755,0.73133
6760,0.73026
6765,0.72427
6770,0.71727
6775,0.71556
6780,0.71211
6785,0.7066
6790,0.70286
6795,0.69605
6800,0.69326
6805,0.68848
6810,0.68775
6815,0.68801
6820,0.68629
6825,0.68708
6830,0.68572
6835,0.68263
6840,0.68025
6845,0.68171
6850,0.68578
6855,0.68681
6860,0.68982
6865,0.6956
6870,0.69885
6875,0.70538
6880,0.71161
6885,0.71551
6890,0.72258
6895,0.73003
6900,0.73734
6905,0.74312
6910,0.74712
6915,0.7507
6920,0.75445
6925,0.75555
6930,0.74624
6935,0.72724
6940,0.72046
6945,0.7255
6950,0.72578
6955,0.69914
6960,0.65413
6965,0.639
6970,0.63214
6975,0.61274
6980,0.59339
6985,0.58037
6990,0.56241
6995,0.54597
7000,0.52769
7005,0.51284
7010,0.5071
7015,0.49873
7020,0.49727
7025,0.49836
7030,0.50493
7035,0.51021
7040,0.52227
7045,0.53897
7050,0.54907
7055,0.55872
7060,0.57123
7065,0.58321
7070,0.59499
7075,0.5938
7080,0.55896
7085,0.48191
7090,0.38856
7095,0.33815
7100,0.31297
7105,0.26693
7110,0.21047
7115,0.15854
7120,0.12586
7125,0.11403
7130,0.088698
7135,0.055487
7140,0.031031
7145,0.022182
7150,0.020486
7155,0.018416
7160,0.016052
7165,0.012706
7170,0.0096646
7175,0.0073605
7180,0.0058262
7185,0.0042378
7190,0.0034973
7195,0.0035424
7200,0.0028631
7205,0.0021633
