4960,0.00073155
4965,0.0021381
4970,0.007714
4975,0.022281
4980,0.047847
4985,0.084624
4990,0.12929
4995,0.17826
5000,0.22845
5005,0.27984
5010,0.33314
5015,0.38954
5020,0.44682
5025,0.4966
5030,0.53075
5035,0.54773
5040,0.55388
5045,0.5611
5050,0.5738
5055,0.57579
5060,0.57887
5065,0.57108
5070,0.55897
5075,0.55523
5080,0.55377
5085,0.55573
5090,0.57065
5095,0.58071
5100,0.573
5105,0.55658
5110,0.55387
5115,0.56731
5120,0.57529
5125,0.57229
5130,0.57528
5135,0.5894
5140,0.59762
5145,0.59158
5150,0.58341
5155,0.58959
5160,0.60452
5165,0.57967
5170,0.5031
5175,0.45511
5180,0.44703
5185,0.47216
5190,0.51809
5195,0.55865
5200,0.56265
5205,0.53144
5210,0.51941
5215,0.58724
5220,0.66225
5225,0.70089
5230,0.7214
5235,0.75251
5240,0.76946
5245,0.76631
5250,0.76102
5255,0.76475
5260,0.74578
5265,0.69649
5270,0.66285
5275,0.69681
5280,0.74864
5285,0.80197
5290,0.83964
5295,0.84671
5300,0.83925
5305,0.85
5310,0.87629
5315,0.89179
5320,0.88935
5325,0.85119
5330,0.81175
5335,0.80963
5340,0.81646
5345,0.82808
5350,0.85807
5355,0.8987
5360,0.91549
5365,0.89889
5370,0.8793
5375,0.88855
5380,0.93114
5385,0.95547
5390,0.93909
5395,0.89899
5400,0.86801
5405,0.84466
5410,0.85255
5415,0.90141
5420,0.95346
5425,0.96642
5430,0.94006
5435,0.9256
5440,0.95309
5445,0.95052
5450,0.90858
5455,0.87508
5460,0.88533
5465,0.9098
5470,0.9254
5475,0.92997
5480,0.93977
5485,0.9621
5490,0.98213
5495,0.97448
5500,0.93727
5505,0.91286
5510,0.89368
5515,0.89335
5520,0.92244
5525,0.94779
5530,0.95656
5535,0.95707
5540,0.96282
5545,0.97062
5550,0.98071
5555,0.98345
5560,0.97125
5565,0.95092
5570,0.93909
5575,0.93878
5580,0.93672
5585,0.91116
5590,0.87357
5595,0.84166
5600,0.82838
5605,0.84085
5610,0.87799
5615,0.89577
5620,0.89466
5625,0.90577
5630,0.91732
5635,0.93445
5640,0.95493
5645,0.96913
5650,0.99381
5655,1.0082
5660,1.0046
5665,0.9968
5670,0.99839
5675,1.0129
5680,1.026
5685,1.0263
5690,1.0293
5695,1.0416
5700,1.0475
5705,1.0408
5710,1.0401
5715,1.0464
5720,1.0575
5725,1.0656
5730,1.068
5735,1.0843
5740,1.1023
5745,1.1173
5750,1.1342
5755,1.1347
5760,1.1087
5765,1.0756
5770,1.0673
5775,1.0647
5780,1.0559
5785,1.0504
5790,1.063
5795,1.0925
5800,1.1191
5805,1.1314
5810,1.1272
5815,1.1026
5820,1.084
5825,1.0836
5830,1.0946
5835,1.1034
5840,1.1085
5845,1.0979
5850,1.0593
5855,1.0082
5860,0.98077
5865,0.99848
5870,0.96174
5875,0.91843
5880,0.83669
5885,0.6906
5890,0.51848
5895,0.47455
5900,0.53111
5905,0.71577
5910,0.81757
5915,0.88281
5920,0.91938
5925,0.9235
5930,0.94529
5935,0.96584
5940,0.98991
5945,1.0114
5950,1.001
5955,0.97518
5960,0.9722
5965,0.97772
5970,0.9878
5975,0.99303
5980,0.99888
5985,1.0151
5990,1.0389
5995,1.0654
6000,1.066
6005,1.0542
6010,1.0546
6015,1.0567
6020,1.0666
6025,1.0604
6030,1.1094
6035,1.1241
6040,1.1363
6045,1.1675
6050,1.1642
6055,1.1533
6060,1.1471
6065,1.1421
6070,1.1587
6075,1.1699
6080,1.154
6085,1.144
6090,1.1474
6095,1.1325
6100,1.107
6105,1.093
6110,1.1225
6115,1.1171
6120,1.059
6125,1.0411
6130,1.1064
6135,1.1313
6140,1.1467
6145,1.1766
6150,1.1516
6155,1.0753
6160,0.93318
6165,0.82206
6170,0.85956
6175,0.93777
6180,0.98442
6185,0.97869
6190,0.94047
6195,0.92747
6200,0.95054
6205,0.97029
6210,0.97081
6215,0.913
6220,0.87459
6225,0.84663
6230,0.83508
6235,0.85112
6240,0.87537
6245,0.87154
6250,0.89043
6255,0.88864
6260,0.88702
6265,0.91968
6270,0.93842
6275,0.94227
6280,0.94792
6285,0.9708
6290,0.99006
6295,0.97599
6300,0.98574
6305,1.0023
6310,1.0243
6315,1.0326
6320,1.036
6325,1.0508
6330,1.0665
6335,1.0748
6340,1.0751
6345,1.0749
6350,1.0861
6355,1.0662
6360,1.0238
6365,1.0137
6370,1.0352
6375,1.0285
6380,0.98834
6385,0.97902
6390,1.0089
6395,1.0627
6400,1.1189
6405,1.1741
6410,1.206
6415,1.2128
6420,1.2069
6425,1.2112
6430,1.215
6435,1.2097
6440,1.2099
6445,1.2554
6450,1.2426
6455,1.2688
6460,1.2599
6465,1.2512
6470,1.305
6475,1.3203
6480,1.3214
6485,1.2943
6490,1.2702
6495,1.1992
6500,1.2188
6505,1.3024
6510,1.3444
6515,1.3615
6520,1.3705
6525,1.3792
6530,1.3765
6535,1.3713
6540,1.3656
6545,1.3266
6550,1.2894
6555,1.268
6560,1.2548
6565,1.2363
6570,1.2379
6575,1.2361
6580,1.2529
6585,1.2674
6590,1.262
6595,1.2459
6600,1.2553
6605,1.2676
6610,1.267
6615,1.2734
6620,1.265
6625,1.2497
6630,1.2412
6635,1.2494
6640,1.2493
6645,1.2511
6650,1.2317
6655,1.2038
6660,1.2014
6665,1.2124
6670,1.2363
6675,1.2319
6680,1.1927
6685,1.1643
6690,1.1604
6695,1.1735
6700,1.1779
6705,1.198
6710,1.1823
6715,1.1255
6720,1.0713
6725,1.0723
6730,1.0908
6735,1.1036
6740,1.0994
6745,1.0774
6750,1.0522
6755,1.0506
6760,1.0605
6765,1.0675
6770,1.0476
6775,1.0467
6780,1.0379
6785,0.9955
6790,0.98279
6795,0.98745
6800,0.99949
6805,0.99971
6810,0.98302
6815,0.98112
6820,0.97077
6825,0.97006
6830,0.98006
6835,0.98877
6840,0.99482
6845,0.99711
6850,0.99363
6855,0.99039
6860,0.99796
6865,1.0149
6870,1.0274
6875,1.0365
6880,1.0467
6885,1.0611
6890,1.09
6895,1.1184
6900,1.1382
6905,1.1575
6910,1.1824
6915,1.2025
6920,1.2159
6925,1.2363
6930,1.248
6935,1.2332
6940,1.2342
6945,1.2592
6950,1.2714
6955,1.231
6960,1.1533
6965,1.1284
6970,1.1209
6975,1.0992
6980,1.0641
6985,1.0434
6990,1.0111
6995,0.98398
7000,0.97432
7005,0.96263
7010,0.94899
7015,0.94816
7020,0.95004
7025,0.95873
7030,0.98574
7035,1.0206
7040,1.0643
7045,1.112
7050,1.1307
7055,1.08
7060,1.0414
7065,1.046
7070,1.0838
7075,1.0994
7080,1.0519
7085,0.88574
7090,0.6677
7095,0.56531
7100,0.52372
7105,0.45464
7110,0.37006
7115,0.28438
7120,0.22603
7125,0.19532
7130,0.13861
7135,0.084745
7140,0.047021
7145,0.034774
7150,0.032958
7155,0.030611
7160,0.027256
7165,0.022097
7170,0.016918
7175,0.013088
7180,0.010646
7185,0.0080283
7190,0.0066619
7195,0.0067315
7200,0.0052049
7205,0.0038019
